#     X1    Y1                 X2    Y2                 X3     Y3
    -0.18, -0.10, 0.1,255,      0.18, -0.10, 0.1,255,     -0.18,  -0.08, 0.1,255
     0.18, -0.08, 0.1,255,     -0.18, -0.08, 0.1,255,      0.18,  -0.10, 0.1,255
    -0.18,  0.10, 0.1,255,      0.18,  0.10, 0.1,255,     -0.18,   0.08, 0.1,255
     0.18,  0.08, 0.1,255,     -0.18,  0.08, 0.1,255,      0.18,   0.10, 0.1,255
    -0.18, -0.08, 0.1,255,     -0.15, -0.08, 0.1,255,     -0.18,   0.08, 0.1,255
    -0.15,  0.08, 0.1,255,     -0.15, -0.08, 0.1,255,     -0.18,   0.08, 0.1,255
     0.18, -0.08, 0.1,255,      0.15, -0.08, 0.1,255,      0.18,   0.08, 0.1,255
     0.15,  0.08, 0.1,255,      0.15, -0.08, 0.1,255,      0.18,   0.08, 0.1,255
#
-0.18,-0.1,-0.1,255, 0.18,-0.1,-0.1,65280, 0.18, 0.1,-0.1,16711680
-0.18,-0.1,-0.1,255, 0.18, 0.1,-0.1,65280,-0.18, 0.1,-0.1,16711680
-0.18,-0.1,-0.1,255,-0.18, 0.1,-0.1,65280,-0.18, 0.1, 0.1,16711680
-0.18,-0.1,-0.1,255,-0.18, 0.1, 0.1,65280,-0.18,-0.1, 0.1,16711680
 0.18,-0.1,-0.1,255, 0.18,-0.1, 0.1,65280, 0.18, 0.1, 0.1,16776960
 0.18,-0.1,-0.1,255, 0.18, 0.1, 0.1,65280, 0.18, 0.1,-0.1,16776960
-0.18,-0.1,-0.1,255,-0.18,-0.1, 0.1,65280, 0.18,-0.1, 0.1,16711680
-0.18,-0.1,-0.1,255, 0.18,-0.1, 0.1,65280, 0.18,-0.1,-0.1,16711680
-0.18, 0.1,-0.1,255, 0.18, 0.1,-0.1,65280, 0.18, 0.1, 0.1,16711680
-0.18, 0.1,-0.1,255, 0.18, 0.1, 0.1,65280,-0.18, 0.1, 0.1,16711680
