-10.000000,0.000000,0.000000
-9.999812,0.000000,0.061359
-9.999247,0.000000,0.122715
-9.998306,0.000000,0.184067
-9.996988,0.000000,0.245412
-9.995294,0.000000,0.306748
-9.993224,0.000000,0.368072
-9.990777,0.000000,0.429383
-9.987955,0.000000,0.490677
-9.984756,0.000000,0.551952
-9.981181,0.000000,0.613207
-9.977231,0.000000,0.674439
-9.972905,0.000000,0.735646
-9.968203,0.000000,0.796824
-9.963126,0.000000,0.857973
-9.957674,0.000000,0.919090
-9.951847,0.000000,0.980171
-9.945646,0.000000,1.041216
-9.939070,0.000000,1.102222
-9.932119,0.000000,1.163186
-9.924795,0.000000,1.224107
-9.917098,0.000000,1.284981
-9.909026,0.000000,1.345807
-9.900582,0.000000,1.406582
-9.891765,0.000000,1.467305
-9.882576,0.000000,1.527972
-9.873014,0.000000,1.588581
-9.863081,0.000000,1.649131
-9.852776,0.000000,1.709619
-9.842101,0.000000,1.770042
-9.831055,0.000000,1.830399
-9.819639,0.000000,1.890687
-9.807853,0.000000,1.950903
-9.795698,0.000000,2.011046
-9.783174,0.000000,2.071114
-9.770281,0.000000,2.131103
-9.757021,0.000000,2.191012
-9.743394,0.000000,2.250839
-9.729400,0.000000,2.310581
-9.715039,0.000000,2.370236
-9.700313,0.000000,2.429802
-9.685221,0.000000,2.489276
-9.669765,0.000000,2.548657
-9.653944,0.000000,2.607941
-9.637761,0.000000,2.667128
-9.621214,0.000000,2.726214
-9.604305,0.000000,2.785197
-9.587035,0.000000,2.844075
-9.569403,0.000000,2.902847
-9.551412,0.000000,2.961509
-9.533060,0.000000,3.020059
-9.514350,0.000000,3.078496
-9.495282,0.000000,3.136817
-9.475856,0.000000,3.195020
-9.456073,0.000000,3.253103
-9.435935,0.000000,3.311063
-9.415441,0.000000,3.368899
-9.394592,0.000000,3.426607
-9.373390,0.000000,3.484187
-9.351835,0.000000,3.541635
-9.329928,0.000000,3.598950
-9.307670,0.000000,3.656130
-9.285061,0.000000,3.713172
-9.262102,0.000000,3.770074
-9.238795,0.000000,3.826834
-9.215140,0.000000,3.883450
-9.191139,0.000000,3.939920
-9.166791,0.000000,3.996242
-9.142098,0.000000,4.052413
-9.117060,0.000000,4.108432
-9.091680,0.000000,4.164296
-9.065957,0.000000,4.220003
-9.039893,0.000000,4.275551
-9.013488,0.000000,4.330938
-8.986745,0.000000,4.386162
-8.959662,0.000000,4.441221
-8.932243,0.000000,4.496113
-8.904487,0.000000,4.550836
-8.876396,0.000000,4.605387
-8.847971,0.000000,4.659765
-8.819213,0.000000,4.713967
-8.790122,0.000000,4.767992
-8.760701,0.000000,4.821838
-8.730950,0.000000,4.875502
-8.700870,0.000000,4.928982
-8.670462,0.000000,4.982277
-8.639729,0.000000,5.035384
-8.608669,0.000000,5.088301
-8.577286,0.000000,5.141027
-8.545580,0.000000,5.193560
-8.513552,0.000000,5.245897
-8.481203,0.000000,5.298036
-8.448536,0.000000,5.349976
-8.415550,0.000000,5.401715
-8.382247,0.000000,5.453250
-8.348629,0.000000,5.504580
-8.314696,0.000000,5.555702
-8.280450,0.000000,5.606616
-8.245893,0.000000,5.657318
-8.211025,0.000000,5.707807
-8.175848,0.000000,5.758082
-8.140363,0.000000,5.808140
-8.104572,0.000000,5.857979
-8.068476,0.000000,5.907597
-8.032075,0.000000,5.956993
-7.995373,0.000000,6.006165
-7.958369,0.000000,6.055110
-7.921066,0.000000,6.103828
-7.883464,0.000000,6.152316
-7.845566,0.000000,6.200572
-7.807372,0.000000,6.248595
-7.768885,0.000000,6.296382
-7.730105,0.000000,6.343933
-7.691033,0.000000,6.391244
-7.651673,0.000000,6.438315
-7.612024,0.000000,6.485144
-7.572088,0.000000,6.531728
-7.531868,0.000000,6.578067
-7.491364,0.000000,6.624158
-7.450578,0.000000,6.669999
-7.409511,0.000000,6.715590
-7.368166,0.000000,6.760927
-7.326543,0.000000,6.806010
-7.284644,0.000000,6.850837
-7.242471,0.000000,6.895405
-7.200025,0.000000,6.939715
-7.157308,0.000000,6.983762
-7.114322,0.000000,7.027547
-7.071068,0.000000,7.071068
-7.027547,0.000000,7.114322
-6.983762,0.000000,7.157308
-6.939715,0.000000,7.200025
-6.895405,0.000000,7.242471
-6.850837,0.000000,7.284644
-6.806010,0.000000,7.326543
-6.760927,0.000000,7.368166
-6.715590,0.000000,7.409511
-6.669999,0.000000,7.450578
-6.624158,0.000000,7.491364
-6.578067,0.000000,7.531868
-6.531728,0.000000,7.572088
-6.485144,0.000000,7.612024
-6.438315,0.000000,7.651673
-6.391244,0.000000,7.691033
-6.343933,0.000000,7.730105
-6.296382,0.000000,7.768885
-6.248595,0.000000,7.807372
-6.200572,0.000000,7.845566
-6.152316,0.000000,7.883464
-6.103828,0.000000,7.921066
-6.055110,0.000000,7.958369
-6.006165,0.000000,7.995373
-5.956993,0.000000,8.032075
-5.907597,0.000000,8.068476
-5.857979,0.000000,8.104572
-5.808140,0.000000,8.140363
-5.758082,0.000000,8.175848
-5.707807,0.000000,8.211025
-5.657318,0.000000,8.245893
-5.606616,0.000000,8.280450
-5.555702,0.000000,8.314696
-5.504580,0.000000,8.348629
-5.453250,0.000000,8.382247
-5.401715,0.000000,8.415550
-5.349976,0.000000,8.448536
-5.298036,0.000000,8.481203
-5.245897,0.000000,8.513552
-5.193560,0.000000,8.545580
-5.141027,0.000000,8.577286
-5.088301,0.000000,8.608669
-5.035384,0.000000,8.639729
-4.982277,0.000000,8.670462
-4.928982,0.000000,8.700870
-4.875502,0.000000,8.730950
-4.821838,0.000000,8.760701
-4.767992,0.000000,8.790122
-4.713967,0.000000,8.819213
-4.659765,0.000000,8.847971
-4.605387,0.000000,8.876396
-4.550836,0.000000,8.904487
-4.496113,0.000000,8.932243
-4.441221,0.000000,8.959662
-4.386162,0.000000,8.986745
-4.330938,0.000000,9.013488
-4.275551,0.000000,9.039893
-4.220003,0.000000,9.065957
-4.164296,0.000000,9.091680
-4.108432,0.000000,9.117060
-4.052413,0.000000,9.142098
-3.996242,0.000000,9.166791
-3.939920,0.000000,9.191139
-3.883450,0.000000,9.215140
-3.826834,0.000000,9.238795
-3.770074,0.000000,9.262102
-3.713172,0.000000,9.285061
-3.656130,0.000000,9.307670
-3.598950,0.000000,9.329928
-3.541635,0.000000,9.351835
-3.484187,0.000000,9.373390
-3.426607,0.000000,9.394592
-3.368899,0.000000,9.415441
-3.311063,0.000000,9.435935
-3.253103,0.000000,9.456073
-3.195020,0.000000,9.475856
-3.136817,0.000000,9.495282
-3.078496,0.000000,9.514350
-3.020059,0.000000,9.533060
-2.961509,0.000000,9.551412
-2.902847,0.000000,9.569403
-2.844075,0.000000,9.587035
-2.785197,0.000000,9.604305
-2.726214,0.000000,9.621214
-2.667128,0.000000,9.637761
-2.607941,0.000000,9.653944
-2.548657,0.000000,9.669765
-2.489276,0.000000,9.685221
-2.429802,0.000000,9.700313
-2.370236,0.000000,9.715039
-2.310581,0.000000,9.729400
-2.250839,0.000000,9.743394
-2.191012,0.000000,9.757021
-2.131103,0.000000,9.770281
-2.071114,0.000000,9.783174
-2.011046,0.000000,9.795698
-1.950903,0.000000,9.807853
-1.890687,0.000000,9.819639
-1.830399,0.000000,9.831055
-1.770042,0.000000,9.842101
-1.709619,0.000000,9.852776
-1.649131,0.000000,9.863081
-1.588581,0.000000,9.873014
-1.527972,0.000000,9.882576
-1.467305,0.000000,9.891765
-1.406582,0.000000,9.900582
-1.345807,0.000000,9.909026
-1.284981,0.000000,9.917098
-1.224107,0.000000,9.924795
-1.163186,0.000000,9.932119
-1.102222,0.000000,9.939070
-1.041216,0.000000,9.945646
-0.980171,0.000000,9.951847
-0.919090,0.000000,9.957674
-0.857973,0.000000,9.963126
-0.796824,0.000000,9.968203
-0.735646,0.000000,9.972905
-0.674439,0.000000,9.977231
-0.613207,0.000000,9.981181
-0.551952,0.000000,9.984756
-0.490677,0.000000,9.987955
-0.429383,0.000000,9.990777
-0.368072,0.000000,9.993224
-0.306748,0.000000,9.995294
-0.245412,0.000000,9.996988
-0.184067,0.000000,9.998306
-0.122715,0.000000,9.999247
-0.061359,0.000000,9.999812
-0.000000,0.000000,10.000000
0.061359,0.000000,9.999812
0.122715,0.000000,9.999247
0.184067,0.000000,9.998306
0.245412,0.000000,9.996988
0.306748,0.000000,9.995294
0.368072,0.000000,9.993224
0.429383,0.000000,9.990777
0.490677,0.000000,9.987955
0.551952,0.000000,9.984756
0.613207,0.000000,9.981181
0.674439,0.000000,9.977231
0.735646,0.000000,9.972905
0.796824,0.000000,9.968203
0.857973,0.000000,9.963126
0.919090,0.000000,9.957674
0.980171,0.000000,9.951847
1.041216,0.000000,9.945646
1.102222,0.000000,9.939070
1.163186,0.000000,9.932119
1.224107,0.000000,9.924795
1.284981,0.000000,9.917098
1.345807,0.000000,9.909026
1.406582,0.000000,9.900582
1.467305,0.000000,9.891765
1.527972,0.000000,9.882576
1.588581,0.000000,9.873014
1.649131,0.000000,9.863081
1.709619,0.000000,9.852776
1.770042,0.000000,9.842101
1.830399,0.000000,9.831055
1.890687,0.000000,9.819639
1.950903,0.000000,9.807853
2.011046,0.000000,9.795698
2.071114,0.000000,9.783174
2.131103,0.000000,9.770281
2.191012,0.000000,9.757021
2.250839,0.000000,9.743394
2.310581,0.000000,9.729400
2.370236,0.000000,9.715039
2.429802,0.000000,9.700313
2.489276,0.000000,9.685221
2.548657,0.000000,9.669765
2.607941,0.000000,9.653944
2.667128,0.000000,9.637761
2.726214,0.000000,9.621214
2.785197,0.000000,9.604305
2.844075,0.000000,9.587035
2.902847,0.000000,9.569403
2.961509,0.000000,9.551412
3.020059,0.000000,9.533060
3.078496,0.000000,9.514350
3.136817,0.000000,9.495282
3.195020,0.000000,9.475856
3.253103,0.000000,9.456073
3.311063,0.000000,9.435935
3.368899,0.000000,9.415441
3.426607,0.000000,9.394592
3.484187,0.000000,9.373390
3.541635,0.000000,9.351835
3.598950,0.000000,9.329928
3.656130,0.000000,9.307670
3.713172,0.000000,9.285061
3.770074,0.000000,9.262102
3.826834,0.000000,9.238795
3.883450,0.000000,9.215140
3.939920,0.000000,9.191139
3.996242,0.000000,9.166791
4.052413,0.000000,9.142098
4.108432,0.000000,9.117060
4.164296,0.000000,9.091680
4.220003,0.000000,9.065957
4.275551,0.000000,9.039893
4.330938,0.000000,9.013488
4.386162,0.000000,8.986745
4.441221,0.000000,8.959662
4.496113,0.000000,8.932243
4.550836,0.000000,8.904487
4.605387,0.000000,8.876396
4.659765,0.000000,8.847971
4.713967,0.000000,8.819213
4.767992,0.000000,8.790122
4.821838,0.000000,8.760701
4.875502,0.000000,8.730950
4.928982,0.000000,8.700870
4.982277,0.000000,8.670462
5.035384,0.000000,8.639729
5.088301,0.000000,8.608669
5.141027,0.000000,8.577286
5.193560,0.000000,8.545580
5.245897,0.000000,8.513552
5.298036,0.000000,8.481203
5.349976,0.000000,8.448536
5.401715,0.000000,8.415550
5.453250,0.000000,8.382247
5.504580,0.000000,8.348629
5.555702,0.000000,8.314696
5.606616,0.000000,8.280450
5.657318,0.000000,8.245893
5.707807,0.000000,8.211025
5.758082,0.000000,8.175848
5.808140,0.000000,8.140363
5.857979,0.000000,8.104572
5.907597,0.000000,8.068476
5.956993,0.000000,8.032075
6.006165,0.000000,7.995373
6.055110,0.000000,7.958369
6.103828,0.000000,7.921066
6.152316,0.000000,7.883464
6.200572,0.000000,7.845566
6.248595,0.000000,7.807372
6.296382,0.000000,7.768885
6.343933,0.000000,7.730105
6.391244,0.000000,7.691033
6.438315,0.000000,7.651673
6.485144,0.000000,7.612024
6.531728,0.000000,7.572088
6.578067,0.000000,7.531868
6.624158,0.000000,7.491364
6.669999,0.000000,7.450578
6.715590,0.000000,7.409511
6.760927,0.000000,7.368166
6.806010,0.000000,7.326543
6.850837,0.000000,7.284644
6.895405,0.000000,7.242471
6.939715,0.000000,7.200025
6.983762,0.000000,7.157308
7.027547,0.000000,7.114322
7.071068,0.000000,7.071068
7.114322,0.000000,7.027547
7.157308,0.000000,6.983762
7.200025,0.000000,6.939715
7.242471,0.000000,6.895405
7.284644,0.000000,6.850837
7.326543,0.000000,6.806010
7.368166,0.000000,6.760927
7.409511,0.000000,6.715590
7.450578,0.000000,6.669999
7.491364,0.000000,6.624158
7.531868,0.000000,6.578067
7.572088,0.000000,6.531728
7.612024,0.000000,6.485144
7.651673,0.000000,6.438315
7.691033,0.000000,6.391244
7.730105,0.000000,6.343933
7.768885,0.000000,6.296382
7.807372,0.000000,6.248595
7.845566,0.000000,6.200572
7.883464,0.000000,6.152316
7.921066,0.000000,6.103828
7.958369,0.000000,6.055110
7.995373,0.000000,6.006165
8.032075,0.000000,5.956993
8.068476,0.000000,5.907597
8.104572,0.000000,5.857979
8.140363,0.000000,5.808140
8.175848,0.000000,5.758082
8.211025,0.000000,5.707807
8.245893,0.000000,5.657318
8.280450,0.000000,5.606616
8.314696,0.000000,5.555702
8.348629,0.000000,5.504580
8.382247,0.000000,5.453250
8.415550,0.000000,5.401715
8.448536,0.000000,5.349976
8.481203,0.000000,5.298036
8.513552,0.000000,5.245897
8.545580,0.000000,5.193560
8.577286,0.000000,5.141027
8.608669,0.000000,5.088301
8.639729,0.000000,5.035384
8.670462,0.000000,4.982277
8.700870,0.000000,4.928982
8.730950,0.000000,4.875502
8.760701,0.000000,4.821838
8.790122,0.000000,4.767992
8.819213,0.000000,4.713967
8.847971,0.000000,4.659765
8.876396,0.000000,4.605387
8.904487,0.000000,4.550836
8.932243,0.000000,4.496113
8.959662,0.000000,4.441221
8.986745,0.000000,4.386162
9.013488,0.000000,4.330938
9.039893,0.000000,4.275551
9.065957,0.000000,4.220003
9.091680,0.000000,4.164296
9.117060,0.000000,4.108432
9.142098,0.000000,4.052413
9.166791,0.000000,3.996242
9.191139,0.000000,3.939920
9.215140,0.000000,3.883450
9.238795,0.000000,3.826834
9.262102,0.000000,3.770074
9.285061,0.000000,3.713172
9.307670,0.000000,3.656130
9.329928,0.000000,3.598950
9.351835,0.000000,3.541635
9.373390,0.000000,3.484187
9.394592,0.000000,3.426607
9.415441,0.000000,3.368899
9.435935,0.000000,3.311063
9.456073,0.000000,3.253103
9.475856,0.000000,3.195020
9.495282,0.000000,3.136817
9.514350,0.000000,3.078496
9.533060,0.000000,3.020059
9.551412,0.000000,2.961509
9.569403,0.000000,2.902847
9.587035,0.000000,2.844075
9.604305,0.000000,2.785197
9.621214,0.000000,2.726214
9.637761,0.000000,2.667128
9.653944,0.000000,2.607941
9.669765,0.000000,2.548657
9.685221,0.000000,2.489276
9.700313,0.000000,2.429802
9.715039,0.000000,2.370236
9.729400,0.000000,2.310581
9.743394,0.000000,2.250839
9.757021,0.000000,2.191012
9.770281,0.000000,2.131103
9.783174,0.000000,2.071114
9.795698,0.000000,2.011046
9.807853,0.000000,1.950903
9.819639,0.000000,1.890687
9.831055,0.000000,1.830399
9.842101,0.000000,1.770042
9.852776,0.000000,1.709619
9.863081,0.000000,1.649131
9.873014,0.000000,1.588581
9.882576,0.000000,1.527972
9.891765,0.000000,1.467305
9.900582,0.000000,1.406582
9.909026,0.000000,1.345807
9.917098,0.000000,1.284981
9.924795,0.000000,1.224107
9.932119,0.000000,1.163186
9.939070,0.000000,1.102222
9.945646,0.000000,1.041216
9.951847,0.000000,0.980171
9.957674,0.000000,0.919090
9.963126,0.000000,0.857973
9.968203,0.000000,0.796824
9.972905,0.000000,0.735646
9.977231,0.000000,0.674439
9.981181,0.000000,0.613207
9.984756,0.000000,0.551952
9.987955,0.000000,0.490677
9.990777,0.000000,0.429383
9.993224,0.000000,0.368072
9.995294,0.000000,0.306748
9.996988,0.000000,0.245412
9.998306,0.000000,0.184067
9.999247,0.000000,0.122715
9.999812,0.000000,0.061359
10.000000,0.000000,0.000000
9.999812,0.000000,-0.061359
9.999247,0.000000,-0.122715
9.998306,0.000000,-0.184067
9.996988,0.000000,-0.245412
9.995294,0.000000,-0.306748
9.993224,0.000000,-0.368072
9.990777,0.000000,-0.429383
9.987955,0.000000,-0.490677
9.984756,0.000000,-0.551952
9.981181,0.000000,-0.613207
9.977231,0.000000,-0.674439
9.972905,0.000000,-0.735646
9.968203,0.000000,-0.796824
9.963126,0.000000,-0.857973
9.957674,0.000000,-0.919090
9.951847,0.000000,-0.980171
9.945646,0.000000,-1.041216
9.939070,0.000000,-1.102222
9.932119,0.000000,-1.163186
9.924795,0.000000,-1.224107
9.917098,0.000000,-1.284981
9.909026,0.000000,-1.345807
9.900582,0.000000,-1.406582
9.891765,0.000000,-1.467305
9.882576,0.000000,-1.527972
9.873014,0.000000,-1.588581
9.863081,0.000000,-1.649131
9.852776,0.000000,-1.709619
9.842101,0.000000,-1.770042
9.831055,0.000000,-1.830399
9.819639,0.000000,-1.890687
9.807853,0.000000,-1.950903
9.795698,0.000000,-2.011046
9.783174,0.000000,-2.071114
9.770281,0.000000,-2.131103
9.757021,0.000000,-2.191012
9.743394,0.000000,-2.250839
9.729400,0.000000,-2.310581
9.715039,0.000000,-2.370236
9.700313,0.000000,-2.429802
9.685221,0.000000,-2.489276
9.669765,0.000000,-2.548657
9.653944,0.000000,-2.607941
9.637761,0.000000,-2.667128
9.621214,0.000000,-2.726214
9.604305,0.000000,-2.785197
9.587035,0.000000,-2.844075
9.569403,0.000000,-2.902847
9.551412,0.000000,-2.961509
9.533060,0.000000,-3.020059
9.514350,0.000000,-3.078496
9.495282,0.000000,-3.136817
9.475856,0.000000,-3.195020
9.456073,0.000000,-3.253103
9.435935,0.000000,-3.311063
9.415441,0.000000,-3.368899
9.394592,0.000000,-3.426607
9.373390,0.000000,-3.484187
9.351835,0.000000,-3.541635
9.329928,0.000000,-3.598950
9.307670,0.000000,-3.656130
9.285061,0.000000,-3.713172
9.262102,0.000000,-3.770074
9.238795,0.000000,-3.826834
9.215140,0.000000,-3.883450
9.191139,0.000000,-3.939920
9.166791,0.000000,-3.996242
9.142098,0.000000,-4.052413
9.117060,0.000000,-4.108432
9.091680,0.000000,-4.164296
9.065957,0.000000,-4.220003
9.039893,0.000000,-4.275551
9.013488,0.000000,-4.330938
8.986745,0.000000,-4.386162
8.959662,0.000000,-4.441221
8.932243,0.000000,-4.496113
8.904487,0.000000,-4.550836
8.876396,0.000000,-4.605387
8.847971,0.000000,-4.659765
8.819213,0.000000,-4.713967
8.790122,0.000000,-4.767992
8.760701,0.000000,-4.821838
8.730950,0.000000,-4.875502
8.700870,0.000000,-4.928982
8.670462,0.000000,-4.982277
8.639729,0.000000,-5.035384
8.608669,0.000000,-5.088301
8.577286,0.000000,-5.141027
8.545580,0.000000,-5.193560
8.513552,0.000000,-5.245897
8.481203,0.000000,-5.298036
8.448536,0.000000,-5.349976
8.415550,0.000000,-5.401715
8.382247,0.000000,-5.453250
8.348629,0.000000,-5.504580
8.314696,0.000000,-5.555702
8.280450,0.000000,-5.606616
8.245893,0.000000,-5.657318
8.211025,0.000000,-5.707807
8.175848,0.000000,-5.758082
8.140363,0.000000,-5.808140
8.104572,0.000000,-5.857979
8.068476,0.000000,-5.907597
8.032075,0.000000,-5.956993
7.995373,0.000000,-6.006165
7.958369,0.000000,-6.055110
7.921066,0.000000,-6.103828
7.883464,0.000000,-6.152316
7.845566,0.000000,-6.200572
7.807372,0.000000,-6.248595
7.768885,0.000000,-6.296382
7.730105,0.000000,-6.343933
7.691033,0.000000,-6.391244
7.651673,0.000000,-6.438315
7.612024,0.000000,-6.485144
7.572088,0.000000,-6.531728
7.531868,0.000000,-6.578067
7.491364,0.000000,-6.624158
7.450578,0.000000,-6.669999
7.409511,0.000000,-6.715590
7.368166,0.000000,-6.760927
7.326543,0.000000,-6.806010
7.284644,0.000000,-6.850837
7.242471,0.000000,-6.895405
7.200025,0.000000,-6.939715
7.157308,0.000000,-6.983762
7.114322,0.000000,-7.027547
7.071068,0.000000,-7.071068
7.027547,0.000000,-7.114322
6.983762,0.000000,-7.157308
6.939715,0.000000,-7.200025
6.895405,0.000000,-7.242471
6.850837,0.000000,-7.284644
6.806010,0.000000,-7.326543
6.760927,0.000000,-7.368166
6.715590,0.000000,-7.409511
6.669999,0.000000,-7.450578
6.624158,0.000000,-7.491364
6.578067,0.000000,-7.531868
6.531728,0.000000,-7.572088
6.485144,0.000000,-7.612024
6.438315,0.000000,-7.651673
6.391244,0.000000,-7.691033
6.343933,0.000000,-7.730105
6.296382,0.000000,-7.768885
6.248595,0.000000,-7.807372
6.200572,0.000000,-7.845566
6.152316,0.000000,-7.883464
6.103828,0.000000,-7.921066
6.055110,0.000000,-7.958369
6.006165,0.000000,-7.995373
5.956993,0.000000,-8.032075
5.907597,0.000000,-8.068476
5.857979,0.000000,-8.104572
5.808140,0.000000,-8.140363
5.758082,0.000000,-8.175848
5.707807,0.000000,-8.211025
5.657318,0.000000,-8.245893
5.606616,0.000000,-8.280450
5.555702,0.000000,-8.314696
5.504580,0.000000,-8.348629
5.453250,0.000000,-8.382247
5.401715,0.000000,-8.415550
5.349976,0.000000,-8.448536
5.298036,0.000000,-8.481203
5.245897,0.000000,-8.513552
5.193560,0.000000,-8.545580
5.141027,0.000000,-8.577286
5.088301,0.000000,-8.608669
5.035384,0.000000,-8.639729
4.982277,0.000000,-8.670462
4.928982,0.000000,-8.700870
4.875502,0.000000,-8.730950
4.821838,0.000000,-8.760701
4.767992,0.000000,-8.790122
4.713967,0.000000,-8.819213
4.659765,0.000000,-8.847971
4.605387,0.000000,-8.876396
4.550836,0.000000,-8.904487
4.496113,0.000000,-8.932243
4.441221,0.000000,-8.959662
4.386162,0.000000,-8.986745
4.330938,0.000000,-9.013488
4.275551,0.000000,-9.039893
4.220003,0.000000,-9.065957
4.164296,0.000000,-9.091680
4.108432,0.000000,-9.117060
4.052413,0.000000,-9.142098
3.996242,0.000000,-9.166791
3.939920,0.000000,-9.191139
3.883450,0.000000,-9.215140
3.826834,0.000000,-9.238795
3.770074,0.000000,-9.262102
3.713172,0.000000,-9.285061
3.656130,0.000000,-9.307670
3.598950,0.000000,-9.329928
3.541635,0.000000,-9.351835
3.484187,0.000000,-9.373390
3.426607,0.000000,-9.394592
3.368899,0.000000,-9.415441
3.311063,0.000000,-9.435935
3.253103,0.000000,-9.456073
3.195020,0.000000,-9.475856
3.136817,0.000000,-9.495282
3.078496,0.000000,-9.514350
3.020059,0.000000,-9.533060
2.961509,0.000000,-9.551412
2.902847,0.000000,-9.569403
2.844075,0.000000,-9.587035
2.785197,0.000000,-9.604305
2.726214,0.000000,-9.621214
2.667128,0.000000,-9.637761
2.607941,0.000000,-9.653944
2.548657,0.000000,-9.669765
2.489276,0.000000,-9.685221
2.429802,0.000000,-9.700313
2.370236,0.000000,-9.715039
2.310581,0.000000,-9.729400
2.250839,0.000000,-9.743394
2.191012,0.000000,-9.757021
2.131103,0.000000,-9.770281
2.071114,0.000000,-9.783174
2.011046,0.000000,-9.795698
1.950903,0.000000,-9.807853
1.890687,0.000000,-9.819639
1.830399,0.000000,-9.831055
1.770042,0.000000,-9.842101
1.709619,0.000000,-9.852776
1.649131,0.000000,-9.863081
1.588581,0.000000,-9.873014
1.527972,0.000000,-9.882576
1.467305,0.000000,-9.891765
1.406582,0.000000,-9.900582
1.345807,0.000000,-9.909026
1.284981,0.000000,-9.917098
1.224107,0.000000,-9.924795
1.163186,0.000000,-9.932119
1.102222,0.000000,-9.939070
1.041216,0.000000,-9.945646
0.980171,0.000000,-9.951847
0.919090,0.000000,-9.957674
0.857973,0.000000,-9.963126
0.796824,0.000000,-9.968203
0.735646,0.000000,-9.972905
0.674439,0.000000,-9.977231
0.613207,0.000000,-9.981181
0.551952,0.000000,-9.984756
0.490677,0.000000,-9.987955
0.429383,0.000000,-9.990777
0.368072,0.000000,-9.993224
0.306748,0.000000,-9.995294
0.245412,0.000000,-9.996988
0.184067,0.000000,-9.998306
0.122715,0.000000,-9.999247
0.061359,0.000000,-9.999812
0.000000,0.000000,-10.000000
-0.061359,0.000000,-9.999812
-0.122715,0.000000,-9.999247
-0.184067,0.000000,-9.998306
-0.245412,0.000000,-9.996988
-0.306748,0.000000,-9.995294
-0.368072,0.000000,-9.993224
-0.429383,0.000000,-9.990777
-0.490677,0.000000,-9.987955
-0.551952,0.000000,-9.984756
-0.613207,0.000000,-9.981181
-0.674439,0.000000,-9.977231
-0.735646,0.000000,-9.972905
-0.796824,0.000000,-9.968203
-0.857973,0.000000,-9.963126
-0.919090,0.000000,-9.957674
-0.980171,0.000000,-9.951847
-1.041216,0.000000,-9.945646
-1.102222,0.000000,-9.939070
-1.163186,0.000000,-9.932119
-1.224107,0.000000,-9.924795
-1.284981,0.000000,-9.917098
-1.345807,0.000000,-9.909026
-1.406582,0.000000,-9.900582
-1.467305,0.000000,-9.891765
-1.527972,0.000000,-9.882576
-1.588581,0.000000,-9.873014
-1.649131,0.000000,-9.863081
-1.709619,0.000000,-9.852776
-1.770042,0.000000,-9.842101
-1.830399,0.000000,-9.831055
-1.890687,0.000000,-9.819639
-1.950903,0.000000,-9.807853
-2.011046,0.000000,-9.795698
-2.071114,0.000000,-9.783174
-2.131103,0.000000,-9.770281
-2.191012,0.000000,-9.757021
-2.250839,0.000000,-9.743394
-2.310581,0.000000,-9.729400
-2.370236,0.000000,-9.715039
-2.429802,0.000000,-9.700313
-2.489276,0.000000,-9.685221
-2.548657,0.000000,-9.669765
-2.607941,0.000000,-9.653944
-2.667128,0.000000,-9.637761
-2.726214,0.000000,-9.621214
-2.785197,0.000000,-9.604305
-2.844075,0.000000,-9.587035
-2.902847,0.000000,-9.569403
-2.961509,0.000000,-9.551412
-3.020059,0.000000,-9.533060
-3.078496,0.000000,-9.514350
-3.136817,0.000000,-9.495282
-3.195020,0.000000,-9.475856
-3.253103,0.000000,-9.456073
-3.311063,0.000000,-9.435935
-3.368899,0.000000,-9.415441
-3.426607,0.000000,-9.394592
-3.484187,0.000000,-9.373390
-3.541635,0.000000,-9.351835
-3.598950,0.000000,-9.329928
-3.656130,0.000000,-9.307670
-3.713172,0.000000,-9.285061
-3.770074,0.000000,-9.262102
-3.826834,0.000000,-9.238795
-3.883450,0.000000,-9.215140
-3.939920,0.000000,-9.191139
-3.996242,0.000000,-9.166791
-4.052413,0.000000,-9.142098
-4.108432,0.000000,-9.117060
-4.164296,0.000000,-9.091680
-4.220003,0.000000,-9.065957
-4.275551,0.000000,-9.039893
-4.330938,0.000000,-9.013488
-4.386162,0.000000,-8.986745
-4.441221,0.000000,-8.959662
-4.496113,0.000000,-8.932243
-4.550836,0.000000,-8.904487
-4.605387,0.000000,-8.876396
-4.659765,0.000000,-8.847971
-4.713967,0.000000,-8.819213
-4.767992,0.000000,-8.790122
-4.821838,0.000000,-8.760701
-4.875502,0.000000,-8.730950
-4.928982,0.000000,-8.700870
-4.982277,0.000000,-8.670462
-5.035384,0.000000,-8.639729
-5.088301,0.000000,-8.608669
-5.141027,0.000000,-8.577286
-5.193560,0.000000,-8.545580
-5.245897,0.000000,-8.513552
-5.298036,0.000000,-8.481203
-5.349976,0.000000,-8.448536
-5.401715,0.000000,-8.415550
-5.453250,0.000000,-8.382247
-5.504580,0.000000,-8.348629
-5.555702,0.000000,-8.314696
-5.606616,0.000000,-8.280450
-5.657318,0.000000,-8.245893
-5.707807,0.000000,-8.211025
-5.758082,0.000000,-8.175848
-5.808140,0.000000,-8.140363
-5.857979,0.000000,-8.104572
-5.907597,0.000000,-8.068476
-5.956993,0.000000,-8.032075
-6.006165,0.000000,-7.995373
-6.055110,0.000000,-7.958369
-6.103828,0.000000,-7.921066
-6.152316,0.000000,-7.883464
-6.200572,0.000000,-7.845566
-6.248595,0.000000,-7.807372
-6.296382,0.000000,-7.768885
-6.343933,0.000000,-7.730105
-6.391244,0.000000,-7.691033
-6.438315,0.000000,-7.651673
-6.485144,0.000000,-7.612024
-6.531728,0.000000,-7.572088
-6.578067,0.000000,-7.531868
-6.624158,0.000000,-7.491364
-6.669999,0.000000,-7.450578
-6.715590,0.000000,-7.409511
-6.760927,0.000000,-7.368166
-6.806010,0.000000,-7.326543
-6.850837,0.000000,-7.284644
-6.895405,0.000000,-7.242471
-6.939715,0.000000,-7.200025
-6.983762,0.000000,-7.157308
-7.027547,0.000000,-7.114322
-7.071068,0.000000,-7.071068
-7.114322,0.000000,-7.027547
-7.157308,0.000000,-6.983762
-7.200025,0.000000,-6.939715
-7.242471,0.000000,-6.895405
-7.284644,0.000000,-6.850837
-7.326543,0.000000,-6.806010
-7.368166,0.000000,-6.760927
-7.409511,0.000000,-6.715590
-7.450578,0.000000,-6.669999
-7.491364,0.000000,-6.624158
-7.531868,0.000000,-6.578067
-7.572088,0.000000,-6.531728
-7.612024,0.000000,-6.485144
-7.651673,0.000000,-6.438315
-7.691033,0.000000,-6.391244
-7.730105,0.000000,-6.343933
-7.768885,0.000000,-6.296382
-7.807372,0.000000,-6.248595
-7.845566,0.000000,-6.200572
-7.883464,0.000000,-6.152316
-7.921066,0.000000,-6.103828
-7.958369,0.000000,-6.055110
-7.995373,0.000000,-6.006165
-8.032075,0.000000,-5.956993
-8.068476,0.000000,-5.907597
-8.104572,0.000000,-5.857979
-8.140363,0.000000,-5.808140
-8.175848,0.000000,-5.758082
-8.211025,0.000000,-5.707807
-8.245893,0.000000,-5.657318
-8.280450,0.000000,-5.606616
-8.314696,0.000000,-5.555702
-8.348629,0.000000,-5.504580
-8.382247,0.000000,-5.453250
-8.415550,0.000000,-5.401715
-8.448536,0.000000,-5.349976
-8.481203,0.000000,-5.298036
-8.513552,0.000000,-5.245897
-8.545580,0.000000,-5.193560
-8.577286,0.000000,-5.141027
-8.608669,0.000000,-5.088301
-8.639729,0.000000,-5.035384
-8.670462,0.000000,-4.982277
-8.700870,0.000000,-4.928982
-8.730950,0.000000,-4.875502
-8.760701,0.000000,-4.821838
-8.790122,0.000000,-4.767992
-8.819213,0.000000,-4.713967
-8.847971,0.000000,-4.659765
-8.876396,0.000000,-4.605387
-8.904487,0.000000,-4.550836
-8.932243,0.000000,-4.496113
-8.959662,0.000000,-4.441221
-8.986745,0.000000,-4.386162
-9.013488,0.000000,-4.330938
-9.039893,0.000000,-4.275551
-9.065957,0.000000,-4.220003
-9.091680,0.000000,-4.164296
-9.117060,0.000000,-4.108432
-9.142098,0.000000,-4.052413
-9.166791,0.000000,-3.996242
-9.191139,0.000000,-3.939920
-9.215140,0.000000,-3.883450
-9.238795,0.000000,-3.826834
-9.262102,0.000000,-3.770074
-9.285061,0.000000,-3.713172
-9.307670,0.000000,-3.656130
-9.329928,0.000000,-3.598950
-9.351835,0.000000,-3.541635
-9.373390,0.000000,-3.484187
-9.394592,0.000000,-3.426607
-9.415441,0.000000,-3.368899
-9.435935,0.000000,-3.311063
-9.456073,0.000000,-3.253103
-9.475856,0.000000,-3.195020
-9.495282,0.000000,-3.136817
-9.514350,0.000000,-3.078496
-9.533060,0.000000,-3.020059
-9.551412,0.000000,-2.961509
-9.569403,0.000000,-2.902847
-9.587035,0.000000,-2.844075
-9.604305,0.000000,-2.785197
-9.621214,0.000000,-2.726214
-9.637761,0.000000,-2.667128
-9.653944,0.000000,-2.607941
-9.669765,0.000000,-2.548657
-9.685221,0.000000,-2.489276
-9.700313,0.000000,-2.429802
-9.715039,0.000000,-2.370236
-9.729400,0.000000,-2.310581
-9.743394,0.000000,-2.250839
-9.757021,0.000000,-2.191012
-9.770281,0.000000,-2.131103
-9.783174,0.000000,-2.071114
-9.795698,0.000000,-2.011046
-9.807853,0.000000,-1.950903
-9.819639,0.000000,-1.890687
-9.831055,0.000000,-1.830399
-9.842101,0.000000,-1.770042
-9.852776,0.000000,-1.709619
-9.863081,0.000000,-1.649131
-9.873014,0.000000,-1.588581
-9.882576,0.000000,-1.527972
-9.891765,0.000000,-1.467305
-9.900582,0.000000,-1.406582
-9.909026,0.000000,-1.345807
-9.917098,0.000000,-1.284981
-9.924795,0.000000,-1.224107
-9.932119,0.000000,-1.163186
-9.939070,0.000000,-1.102222
-9.945646,0.000000,-1.041216
-9.951847,0.000000,-0.980171
-9.957674,0.000000,-0.919090
-9.963126,0.000000,-0.857973
-9.968203,0.000000,-0.796824
-9.972905,0.000000,-0.735646
-9.977231,0.000000,-0.674439
-9.981181,0.000000,-0.613207
-9.984756,0.000000,-0.551952
-9.987955,0.000000,-0.490677
-9.990777,0.000000,-0.429383
-9.993224,0.000000,-0.368072
-9.995294,0.000000,-0.306748
-9.996988,0.000000,-0.245412
-9.998306,0.000000,-0.184067
-9.999247,0.000000,-0.122715
-9.999812,0.000000,-0.061359
