-20.000000,0.000000,0.000000
-19.999624,0.000000,0.122718
-19.998494,0.000000,0.245431
-19.996612,0.000000,0.368135
-19.993976,0.000000,0.490825
-19.990588,0.000000,0.613496
-19.986448,0.000000,0.736144
-19.981555,0.000000,0.858765
-19.975909,0.000000,0.981353
-19.969512,0.000000,1.103905
-19.962362,0.000000,1.226415
-19.954461,0.000000,1.348878
-19.945809,0.000000,1.471291
-19.936406,0.000000,1.593649
-19.926252,0.000000,1.715946
-19.915348,0.000000,1.838179
-19.903695,0.000000,1.960343
-19.891291,0.000000,2.082433
-19.878139,0.000000,2.204444
-19.864239,0.000000,2.326373
-19.849591,0.000000,2.448214
-19.834195,0.000000,2.569962
-19.818053,0.000000,2.691614
-19.801164,0.000000,2.813165
-19.783530,0.000000,2.934609
-19.765151,0.000000,3.055944
-19.746028,0.000000,3.177163
-19.726162,0.000000,3.298262
-19.705553,0.000000,3.419238
-19.684202,0.000000,3.540084
-19.662110,0.000000,3.660798
-19.639277,0.000000,3.781373
-19.615706,0.000000,3.901806
-19.591395,0.000000,4.022093
-19.566347,0.000000,4.142228
-19.540563,0.000000,4.262206
-19.514043,0.000000,4.382025
-19.486788,0.000000,4.501678
-19.458799,0.000000,4.621162
-19.430078,0.000000,4.740472
-19.400625,0.000000,4.859604
-19.370442,0.000000,4.978552
-19.339529,0.000000,5.097313
-19.307889,0.000000,5.215882
-19.275521,0.000000,5.334255
-19.242428,0.000000,5.452427
-19.208610,0.000000,5.570394
-19.174069,0.000000,5.688151
-19.138807,0.000000,5.805694
-19.102823,0.000000,5.923018
-19.066121,0.000000,6.040119
-19.028700,0.000000,6.156993
-18.990564,0.000000,6.273635
-18.951712,0.000000,6.390041
-18.912147,0.000000,6.506206
-18.871869,0.000000,6.622126
-18.830881,0.000000,6.737797
-18.789184,0.000000,6.853214
-18.746780,0.000000,6.968374
-18.703670,0.000000,7.083271
-18.659856,0.000000,7.197901
-18.615339,0.000000,7.312260
-18.570122,0.000000,7.426344
-18.524205,0.000000,7.540148
-18.477591,0.000000,7.653669
-18.430281,0.000000,7.766901
-18.382277,0.000000,7.879841
-18.333581,0.000000,7.992484
-18.284195,0.000000,8.104826
-18.234121,0.000000,8.216863
-18.183360,0.000000,8.328591
-18.131914,0.000000,8.440005
-18.079786,0.000000,8.551102
-18.026977,0.000000,8.661876
-17.973489,0.000000,8.772325
-17.919325,0.000000,8.882443
-17.864486,0.000000,8.992227
-17.808974,0.000000,9.101672
-17.752792,0.000000,9.210774
-17.695942,0.000000,9.319530
-17.638425,0.000000,9.427935
-17.580245,0.000000,9.535985
-17.521402,0.000000,9.643675
-17.461900,0.000000,9.751003
-17.401740,0.000000,9.857964
-17.340925,0.000000,9.964553
-17.279457,0.000000,10.070768
-17.217339,0.000000,10.176603
-17.154572,0.000000,10.282055
-17.091160,0.000000,10.387120
-17.027104,0.000000,10.491794
-16.962407,0.000000,10.596072
-16.897071,0.000000,10.699952
-16.831100,0.000000,10.803429
-16.764494,0.000000,10.906500
-16.697257,0.000000,11.009159
-16.629392,0.000000,11.111405
-16.560901,0.000000,11.213232
-16.491786,0.000000,11.314636
-16.422050,0.000000,11.415615
-16.351696,0.000000,11.516164
-16.280727,0.000000,11.616279
-16.209144,0.000000,11.715957
-16.136951,0.000000,11.815194
-16.064151,0.000000,11.913986
-15.990745,0.000000,12.012330
-15.916738,0.000000,12.110221
-15.842132,0.000000,12.207656
-15.766929,0.000000,12.304632
-15.691132,0.000000,12.401144
-15.614745,0.000000,12.497190
-15.537769,0.000000,12.592765
-15.460209,0.000000,12.687866
-15.382067,0.000000,12.782489
-15.303345,0.000000,12.876631
-15.224048,0.000000,12.970288
-15.144177,0.000000,13.063457
-15.063736,0.000000,13.156134
-14.982728,0.000000,13.248316
-14.901156,0.000000,13.339998
-14.819023,0.000000,13.431179
-14.736331,0.000000,13.521854
-14.653085,0.000000,13.612020
-14.569288,0.000000,13.701673
-14.484942,0.000000,13.790811
-14.400050,0.000000,13.879429
-14.314617,0.000000,13.967525
-14.228644,0.000000,14.055095
-14.142136,0.000000,14.142136
-14.055095,0.000000,14.228644
-13.967525,0.000000,14.314617
-13.879429,0.000000,14.400050
-13.790811,0.000000,14.484942
-13.701673,0.000000,14.569288
-13.612020,0.000000,14.653085
-13.521854,0.000000,14.736331
-13.431179,0.000000,14.819023
-13.339998,0.000000,14.901156
-13.248316,0.000000,14.982728
-13.156134,0.000000,15.063736
-13.063457,0.000000,15.144177
-12.970288,0.000000,15.224048
-12.876631,0.000000,15.303345
-12.782489,0.000000,15.382067
-12.687866,0.000000,15.460209
-12.592765,0.000000,15.537769
-12.497190,0.000000,15.614745
-12.401144,0.000000,15.691132
-12.304632,0.000000,15.766929
-12.207656,0.000000,15.842132
-12.110221,0.000000,15.916738
-12.012330,0.000000,15.990745
-11.913986,0.000000,16.064151
-11.815194,0.000000,16.136951
-11.715957,0.000000,16.209144
-11.616279,0.000000,16.280727
-11.516164,0.000000,16.351696
-11.415615,0.000000,16.422050
-11.314636,0.000000,16.491786
-11.213232,0.000000,16.560901
-11.111405,0.000000,16.629392
-11.009159,0.000000,16.697257
-10.906500,0.000000,16.764494
-10.803429,0.000000,16.831100
-10.699952,0.000000,16.897071
-10.596072,0.000000,16.962407
-10.491794,0.000000,17.027104
-10.387120,0.000000,17.091160
-10.282055,0.000000,17.154572
-10.176603,0.000000,17.217339
-10.070768,0.000000,17.279457
-9.964553,0.000000,17.340925
-9.857964,0.000000,17.401740
-9.751003,0.000000,17.461900
-9.643675,0.000000,17.521402
-9.535985,0.000000,17.580245
-9.427935,0.000000,17.638425
-9.319530,0.000000,17.695942
-9.210774,0.000000,17.752792
-9.101672,0.000000,17.808974
-8.992227,0.000000,17.864486
-8.882443,0.000000,17.919325
-8.772325,0.000000,17.973489
-8.661876,0.000000,18.026977
-8.551102,0.000000,18.079786
-8.440005,0.000000,18.131914
-8.328591,0.000000,18.183360
-8.216863,0.000000,18.234121
-8.104826,0.000000,18.284195
-7.992484,0.000000,18.333581
-7.879841,0.000000,18.382277
-7.766901,0.000000,18.430281
-7.653669,0.000000,18.477591
-7.540148,0.000000,18.524205
-7.426344,0.000000,18.570122
-7.312260,0.000000,18.615339
-7.197901,0.000000,18.659856
-7.083271,0.000000,18.703670
-6.968374,0.000000,18.746780
-6.853214,0.000000,18.789184
-6.737797,0.000000,18.830881
-6.622126,0.000000,18.871869
-6.506206,0.000000,18.912147
-6.390041,0.000000,18.951712
-6.273635,0.000000,18.990564
-6.156993,0.000000,19.028700
-6.040119,0.000000,19.066121
-5.923018,0.000000,19.102823
-5.805694,0.000000,19.138807
-5.688151,0.000000,19.174069
-5.570394,0.000000,19.208610
-5.452427,0.000000,19.242428
-5.334255,0.000000,19.275521
-5.215882,0.000000,19.307889
-5.097313,0.000000,19.339529
-4.978552,0.000000,19.370442
-4.859604,0.000000,19.400625
-4.740472,0.000000,19.430078
-4.621162,0.000000,19.458799
-4.501678,0.000000,19.486788
-4.382025,0.000000,19.514043
-4.262206,0.000000,19.540563
-4.142228,0.000000,19.566347
-4.022093,0.000000,19.591395
-3.901806,0.000000,19.615706
-3.781373,0.000000,19.639277
-3.660798,0.000000,19.662110
-3.540084,0.000000,19.684202
-3.419238,0.000000,19.705553
-3.298262,0.000000,19.726162
-3.177163,0.000000,19.746028
-3.055944,0.000000,19.765151
-2.934609,0.000000,19.783530
-2.813165,0.000000,19.801164
-2.691614,0.000000,19.818053
-2.569962,0.000000,19.834195
-2.448214,0.000000,19.849591
-2.326373,0.000000,19.864239
-2.204444,0.000000,19.878139
-2.082433,0.000000,19.891291
-1.960343,0.000000,19.903695
-1.838179,0.000000,19.915348
-1.715946,0.000000,19.926252
-1.593649,0.000000,19.936406
-1.471291,0.000000,19.945809
-1.348878,0.000000,19.954461
-1.226415,0.000000,19.962362
-1.103905,0.000000,19.969512
-0.981353,0.000000,19.975909
-0.858765,0.000000,19.981555
-0.736144,0.000000,19.986448
-0.613496,0.000000,19.990588
-0.490825,0.000000,19.993976
-0.368135,0.000000,19.996612
-0.245431,0.000000,19.998494
-0.122718,0.000000,19.999624
-0.000000,0.000000,20.000000
0.122718,0.000000,19.999624
0.245431,0.000000,19.998494
0.368135,0.000000,19.996612
0.490825,0.000000,19.993976
0.613496,0.000000,19.990588
0.736144,0.000000,19.986448
0.858765,0.000000,19.981555
0.981353,0.000000,19.975909
1.103905,0.000000,19.969512
1.226415,0.000000,19.962362
1.348878,0.000000,19.954461
1.471291,0.000000,19.945809
1.593649,0.000000,19.936406
1.715946,0.000000,19.926252
1.838179,0.000000,19.915348
1.960343,0.000000,19.903695
2.082433,0.000000,19.891291
2.204444,0.000000,19.878139
2.326373,0.000000,19.864239
2.448214,0.000000,19.849591
2.569962,0.000000,19.834195
2.691614,0.000000,19.818053
2.813165,0.000000,19.801164
2.934609,0.000000,19.783530
3.055944,0.000000,19.765151
3.177163,0.000000,19.746028
3.298262,0.000000,19.726162
3.419238,0.000000,19.705553
3.540084,0.000000,19.684202
3.660798,0.000000,19.662110
3.781373,0.000000,19.639277
3.901806,0.000000,19.615706
4.022093,0.000000,19.591395
4.142228,0.000000,19.566347
4.262206,0.000000,19.540563
4.382025,0.000000,19.514043
4.501678,0.000000,19.486788
4.621162,0.000000,19.458799
4.740472,0.000000,19.430078
4.859604,0.000000,19.400625
4.978552,0.000000,19.370442
5.097313,0.000000,19.339529
5.215882,0.000000,19.307889
5.334255,0.000000,19.275521
5.452427,0.000000,19.242428
5.570394,0.000000,19.208610
5.688151,0.000000,19.174069
5.805694,0.000000,19.138807
5.923018,0.000000,19.102823
6.040119,0.000000,19.066121
6.156993,0.000000,19.028700
6.273635,0.000000,18.990564
6.390041,0.000000,18.951712
6.506206,0.000000,18.912147
6.622126,0.000000,18.871869
6.737797,0.000000,18.830881
6.853214,0.000000,18.789184
6.968374,0.000000,18.746780
7.083271,0.000000,18.703670
7.197901,0.000000,18.659856
7.312260,0.000000,18.615339
7.426344,0.000000,18.570122
7.540148,0.000000,18.524205
7.653669,0.000000,18.477591
7.766901,0.000000,18.430281
7.879841,0.000000,18.382277
7.992484,0.000000,18.333581
8.104826,0.000000,18.284195
8.216863,0.000000,18.234121
8.328591,0.000000,18.183360
8.440005,0.000000,18.131914
8.551102,0.000000,18.079786
8.661876,0.000000,18.026977
8.772325,0.000000,17.973489
8.882443,0.000000,17.919325
8.992227,0.000000,17.864486
9.101672,0.000000,17.808974
9.210774,0.000000,17.752792
9.319530,0.000000,17.695942
9.427935,0.000000,17.638425
9.535985,0.000000,17.580245
9.643675,0.000000,17.521402
9.751003,0.000000,17.461900
9.857964,0.000000,17.401740
9.964553,0.000000,17.340925
10.070768,0.000000,17.279457
10.176603,0.000000,17.217339
10.282055,0.000000,17.154572
10.387120,0.000000,17.091160
10.491794,0.000000,17.027104
10.596072,0.000000,16.962407
10.699952,0.000000,16.897071
10.803429,0.000000,16.831100
10.906500,0.000000,16.764494
11.009159,0.000000,16.697257
11.111405,0.000000,16.629392
11.213232,0.000000,16.560901
11.314636,0.000000,16.491786
11.415615,0.000000,16.422050
11.516164,0.000000,16.351696
11.616279,0.000000,16.280727
11.715957,0.000000,16.209144
11.815194,0.000000,16.136951
11.913986,0.000000,16.064151
12.012330,0.000000,15.990745
12.110221,0.000000,15.916738
12.207656,0.000000,15.842132
12.304632,0.000000,15.766929
12.401144,0.000000,15.691132
12.497190,0.000000,15.614745
12.592765,0.000000,15.537769
12.687866,0.000000,15.460209
12.782489,0.000000,15.382067
12.876631,0.000000,15.303345
12.970288,0.000000,15.224048
13.063457,0.000000,15.144177
13.156134,0.000000,15.063736
13.248316,0.000000,14.982728
13.339998,0.000000,14.901156
13.431179,0.000000,14.819023
13.521854,0.000000,14.736331
13.612020,0.000000,14.653085
13.701673,0.000000,14.569288
13.790811,0.000000,14.484942
13.879429,0.000000,14.400050
13.967525,0.000000,14.314617
14.055095,0.000000,14.228644
14.142136,0.000000,14.142136
14.228644,0.000000,14.055095
14.314617,0.000000,13.967525
14.400050,0.000000,13.879429
14.484942,0.000000,13.790811
14.569288,0.000000,13.701673
14.653085,0.000000,13.612020
14.736331,0.000000,13.521854
14.819023,0.000000,13.431179
14.901156,0.000000,13.339998
14.982728,0.000000,13.248316
15.063736,0.000000,13.156134
15.144177,0.000000,13.063457
15.224048,0.000000,12.970288
15.303345,0.000000,12.876631
15.382067,0.000000,12.782489
15.460209,0.000000,12.687866
15.537769,0.000000,12.592765
15.614745,0.000000,12.497190
15.691132,0.000000,12.401144
15.766929,0.000000,12.304632
15.842132,0.000000,12.207656
15.916738,0.000000,12.110221
15.990745,0.000000,12.012330
16.064151,0.000000,11.913986
16.136951,0.000000,11.815194
16.209144,0.000000,11.715957
16.280727,0.000000,11.616279
16.351696,0.000000,11.516164
16.422050,0.000000,11.415615
16.491786,0.000000,11.314636
16.560901,0.000000,11.213232
16.629392,0.000000,11.111405
16.697257,0.000000,11.009159
16.764494,0.000000,10.906500
16.831100,0.000000,10.803429
16.897071,0.000000,10.699952
16.962407,0.000000,10.596072
17.027104,0.000000,10.491794
17.091160,0.000000,10.387120
17.154572,0.000000,10.282055
17.217339,0.000000,10.176603
17.279457,0.000000,10.070768
17.340925,0.000000,9.964553
17.401740,0.000000,9.857964
17.461900,0.000000,9.751003
17.521402,0.000000,9.643675
17.580245,0.000000,9.535985
17.638425,0.000000,9.427935
17.695942,0.000000,9.319530
17.752792,0.000000,9.210774
17.808974,0.000000,9.101672
17.864486,0.000000,8.992227
17.919325,0.000000,8.882443
17.973489,0.000000,8.772325
18.026977,0.000000,8.661876
18.079786,0.000000,8.551102
18.131914,0.000000,8.440005
18.183360,0.000000,8.328591
18.234121,0.000000,8.216863
18.284195,0.000000,8.104826
18.333581,0.000000,7.992484
18.382277,0.000000,7.879841
18.430281,0.000000,7.766901
18.477591,0.000000,7.653669
18.524205,0.000000,7.540148
18.570122,0.000000,7.426344
18.615339,0.000000,7.312260
18.659856,0.000000,7.197901
18.703670,0.000000,7.083271
18.746780,0.000000,6.968374
18.789184,0.000000,6.853214
18.830881,0.000000,6.737797
18.871869,0.000000,6.622126
18.912147,0.000000,6.506206
18.951712,0.000000,6.390041
18.990564,0.000000,6.273635
19.028700,0.000000,6.156993
19.066121,0.000000,6.040119
19.102823,0.000000,5.923018
19.138807,0.000000,5.805694
19.174069,0.000000,5.688151
19.208610,0.000000,5.570394
19.242428,0.000000,5.452427
19.275521,0.000000,5.334255
19.307889,0.000000,5.215882
19.339529,0.000000,5.097313
19.370442,0.000000,4.978552
19.400625,0.000000,4.859604
19.430078,0.000000,4.740472
19.458799,0.000000,4.621162
19.486788,0.000000,4.501678
19.514043,0.000000,4.382025
19.540563,0.000000,4.262206
19.566347,0.000000,4.142228
19.591395,0.000000,4.022093
19.615706,0.000000,3.901806
19.639277,0.000000,3.781373
19.662110,0.000000,3.660798
19.684202,0.000000,3.540084
19.705553,0.000000,3.419238
19.726162,0.000000,3.298262
19.746028,0.000000,3.177163
19.765151,0.000000,3.055944
19.783530,0.000000,2.934609
19.801164,0.000000,2.813165
19.818053,0.000000,2.691614
19.834195,0.000000,2.569962
19.849591,0.000000,2.448214
19.864239,0.000000,2.326373
19.878139,0.000000,2.204444
19.891291,0.000000,2.082433
19.903695,0.000000,1.960343
19.915348,0.000000,1.838179
19.926252,0.000000,1.715946
19.936406,0.000000,1.593649
19.945809,0.000000,1.471291
19.954461,0.000000,1.348878
19.962362,0.000000,1.226415
19.969512,0.000000,1.103905
19.975909,0.000000,0.981353
19.981555,0.000000,0.858765
19.986448,0.000000,0.736144
19.990588,0.000000,0.613496
19.993976,0.000000,0.490825
19.996612,0.000000,0.368135
19.998494,0.000000,0.245431
19.999624,0.000000,0.122718
20.000000,0.000000,0.000000
19.999624,0.000000,-0.122718
19.998494,0.000000,-0.245431
19.996612,0.000000,-0.368135
19.993976,0.000000,-0.490825
19.990588,0.000000,-0.613496
19.986448,0.000000,-0.736144
19.981555,0.000000,-0.858765
19.975909,0.000000,-0.981353
19.969512,0.000000,-1.103905
19.962362,0.000000,-1.226415
19.954461,0.000000,-1.348878
19.945809,0.000000,-1.471291
19.936406,0.000000,-1.593649
19.926252,0.000000,-1.715946
19.915348,0.000000,-1.838179
19.903695,0.000000,-1.960343
19.891291,0.000000,-2.082433
19.878139,0.000000,-2.204444
19.864239,0.000000,-2.326373
19.849591,0.000000,-2.448214
19.834195,0.000000,-2.569962
19.818053,0.000000,-2.691614
19.801164,0.000000,-2.813165
19.783530,0.000000,-2.934609
19.765151,0.000000,-3.055944
19.746028,0.000000,-3.177163
19.726162,0.000000,-3.298262
19.705553,0.000000,-3.419238
19.684202,0.000000,-3.540084
19.662110,0.000000,-3.660798
19.639277,0.000000,-3.781373
19.615706,0.000000,-3.901806
19.591395,0.000000,-4.022093
19.566347,0.000000,-4.142228
19.540563,0.000000,-4.262206
19.514043,0.000000,-4.382025
19.486788,0.000000,-4.501678
19.458799,0.000000,-4.621162
19.430078,0.000000,-4.740472
19.400625,0.000000,-4.859604
19.370442,0.000000,-4.978552
19.339529,0.000000,-5.097313
19.307889,0.000000,-5.215882
19.275521,0.000000,-5.334255
19.242428,0.000000,-5.452427
19.208610,0.000000,-5.570394
19.174069,0.000000,-5.688151
19.138807,0.000000,-5.805694
19.102823,0.000000,-5.923018
19.066121,0.000000,-6.040119
19.028700,0.000000,-6.156993
18.990564,0.000000,-6.273635
18.951712,0.000000,-6.390041
18.912147,0.000000,-6.506206
18.871869,0.000000,-6.622126
18.830881,0.000000,-6.737797
18.789184,0.000000,-6.853214
18.746780,0.000000,-6.968374
18.703670,0.000000,-7.083271
18.659856,0.000000,-7.197901
18.615339,0.000000,-7.312260
18.570122,0.000000,-7.426344
18.524205,0.000000,-7.540148
18.477591,0.000000,-7.653669
18.430281,0.000000,-7.766901
18.382277,0.000000,-7.879841
18.333581,0.000000,-7.992484
18.284195,0.000000,-8.104826
18.234121,0.000000,-8.216863
18.183360,0.000000,-8.328591
18.131914,0.000000,-8.440005
18.079786,0.000000,-8.551102
18.026977,0.000000,-8.661876
17.973489,0.000000,-8.772325
17.919325,0.000000,-8.882443
17.864486,0.000000,-8.992227
17.808974,0.000000,-9.101672
17.752792,0.000000,-9.210774
17.695942,0.000000,-9.319530
17.638425,0.000000,-9.427935
17.580245,0.000000,-9.535985
17.521402,0.000000,-9.643675
17.461900,0.000000,-9.751003
17.401740,0.000000,-9.857964
17.340925,0.000000,-9.964553
17.279457,0.000000,-10.070768
17.217339,0.000000,-10.176603
17.154572,0.000000,-10.282055
17.091160,0.000000,-10.387120
17.027104,0.000000,-10.491794
16.962407,0.000000,-10.596072
16.897071,0.000000,-10.699952
16.831100,0.000000,-10.803429
16.764494,0.000000,-10.906500
16.697257,0.000000,-11.009159
16.629392,0.000000,-11.111405
16.560901,0.000000,-11.213232
16.491786,0.000000,-11.314636
16.422050,0.000000,-11.415615
16.351696,0.000000,-11.516164
16.280727,0.000000,-11.616279
16.209144,0.000000,-11.715957
16.136951,0.000000,-11.815194
16.064151,0.000000,-11.913986
15.990745,0.000000,-12.012330
15.916738,0.000000,-12.110221
15.842132,0.000000,-12.207656
15.766929,0.000000,-12.304632
15.691132,0.000000,-12.401144
15.614745,0.000000,-12.497190
15.537769,0.000000,-12.592765
15.460209,0.000000,-12.687866
15.382067,0.000000,-12.782489
15.303345,0.000000,-12.876631
15.224048,0.000000,-12.970288
15.144177,0.000000,-13.063457
15.063736,0.000000,-13.156134
14.982728,0.000000,-13.248316
14.901156,0.000000,-13.339998
14.819023,0.000000,-13.431179
14.736331,0.000000,-13.521854
14.653085,0.000000,-13.612020
14.569288,0.000000,-13.701673
14.484942,0.000000,-13.790811
14.400050,0.000000,-13.879429
14.314617,0.000000,-13.967525
14.228644,0.000000,-14.055095
14.142136,0.000000,-14.142136
14.055095,0.000000,-14.228644
13.967525,0.000000,-14.314617
13.879429,0.000000,-14.400050
13.790811,0.000000,-14.484942
13.701673,0.000000,-14.569288
13.612020,0.000000,-14.653085
13.521854,0.000000,-14.736331
13.431179,0.000000,-14.819023
13.339998,0.000000,-14.901156
13.248316,0.000000,-14.982728
13.156134,0.000000,-15.063736
13.063457,0.000000,-15.144177
12.970288,0.000000,-15.224048
12.876631,0.000000,-15.303345
12.782489,0.000000,-15.382067
12.687866,0.000000,-15.460209
12.592765,0.000000,-15.537769
12.497190,0.000000,-15.614745
12.401144,0.000000,-15.691132
12.304632,0.000000,-15.766929
12.207656,0.000000,-15.842132
12.110221,0.000000,-15.916738
12.012330,0.000000,-15.990745
11.913986,0.000000,-16.064151
11.815194,0.000000,-16.136951
11.715957,0.000000,-16.209144
11.616279,0.000000,-16.280727
11.516164,0.000000,-16.351696
11.415615,0.000000,-16.422050
11.314636,0.000000,-16.491786
11.213232,0.000000,-16.560901
11.111405,0.000000,-16.629392
11.009159,0.000000,-16.697257
10.906500,0.000000,-16.764494
10.803429,0.000000,-16.831100
10.699952,0.000000,-16.897071
10.596072,0.000000,-16.962407
10.491794,0.000000,-17.027104
10.387120,0.000000,-17.091160
10.282055,0.000000,-17.154572
10.176603,0.000000,-17.217339
10.070768,0.000000,-17.279457
9.964553,0.000000,-17.340925
9.857964,0.000000,-17.401740
9.751003,0.000000,-17.461900
9.643675,0.000000,-17.521402
9.535985,0.000000,-17.580245
9.427935,0.000000,-17.638425
9.319530,0.000000,-17.695942
9.210774,0.000000,-17.752792
9.101672,0.000000,-17.808974
8.992227,0.000000,-17.864486
8.882443,0.000000,-17.919325
8.772325,0.000000,-17.973489
8.661876,0.000000,-18.026977
8.551102,0.000000,-18.079786
8.440005,0.000000,-18.131914
8.328591,0.000000,-18.183360
8.216863,0.000000,-18.234121
8.104826,0.000000,-18.284195
7.992484,0.000000,-18.333581
7.879841,0.000000,-18.382277
7.766901,0.000000,-18.430281
7.653669,0.000000,-18.477591
7.540148,0.000000,-18.524205
7.426344,0.000000,-18.570122
7.312260,0.000000,-18.615339
7.197901,0.000000,-18.659856
7.083271,0.000000,-18.703670
6.968374,0.000000,-18.746780
6.853214,0.000000,-18.789184
6.737797,0.000000,-18.830881
6.622126,0.000000,-18.871869
6.506206,0.000000,-18.912147
6.390041,0.000000,-18.951712
6.273635,0.000000,-18.990564
6.156993,0.000000,-19.028700
6.040119,0.000000,-19.066121
5.923018,0.000000,-19.102823
5.805694,0.000000,-19.138807
5.688151,0.000000,-19.174069
5.570394,0.000000,-19.208610
5.452427,0.000000,-19.242428
5.334255,0.000000,-19.275521
5.215882,0.000000,-19.307889
5.097313,0.000000,-19.339529
4.978552,0.000000,-19.370442
4.859604,0.000000,-19.400625
4.740472,0.000000,-19.430078
4.621162,0.000000,-19.458799
4.501678,0.000000,-19.486788
4.382025,0.000000,-19.514043
4.262206,0.000000,-19.540563
4.142228,0.000000,-19.566347
4.022093,0.000000,-19.591395
3.901806,0.000000,-19.615706
3.781373,0.000000,-19.639277
3.660798,0.000000,-19.662110
3.540084,0.000000,-19.684202
3.419238,0.000000,-19.705553
3.298262,0.000000,-19.726162
3.177163,0.000000,-19.746028
3.055944,0.000000,-19.765151
2.934609,0.000000,-19.783530
2.813165,0.000000,-19.801164
2.691614,0.000000,-19.818053
2.569962,0.000000,-19.834195
2.448214,0.000000,-19.849591
2.326373,0.000000,-19.864239
2.204444,0.000000,-19.878139
2.082433,0.000000,-19.891291
1.960343,0.000000,-19.903695
1.838179,0.000000,-19.915348
1.715946,0.000000,-19.926252
1.593649,0.000000,-19.936406
1.471291,0.000000,-19.945809
1.348878,0.000000,-19.954461
1.226415,0.000000,-19.962362
1.103905,0.000000,-19.969512
0.981353,0.000000,-19.975909
0.858765,0.000000,-19.981555
0.736144,0.000000,-19.986448
0.613496,0.000000,-19.990588
0.490825,0.000000,-19.993976
0.368135,0.000000,-19.996612
0.245431,0.000000,-19.998494
0.122718,0.000000,-19.999624
0.000000,0.000000,-20.000000
-0.122718,0.000000,-19.999624
-0.245431,0.000000,-19.998494
-0.368135,0.000000,-19.996612
-0.490825,0.000000,-19.993976
-0.613496,0.000000,-19.990588
-0.736144,0.000000,-19.986448
-0.858765,0.000000,-19.981555
-0.981353,0.000000,-19.975909
-1.103905,0.000000,-19.969512
-1.226415,0.000000,-19.962362
-1.348878,0.000000,-19.954461
-1.471291,0.000000,-19.945809
-1.593649,0.000000,-19.936406
-1.715946,0.000000,-19.926252
-1.838179,0.000000,-19.915348
-1.960343,0.000000,-19.903695
-2.082433,0.000000,-19.891291
-2.204444,0.000000,-19.878139
-2.326373,0.000000,-19.864239
-2.448214,0.000000,-19.849591
-2.569962,0.000000,-19.834195
-2.691614,0.000000,-19.818053
-2.813165,0.000000,-19.801164
-2.934609,0.000000,-19.783530
-3.055944,0.000000,-19.765151
-3.177163,0.000000,-19.746028
-3.298262,0.000000,-19.726162
-3.419238,0.000000,-19.705553
-3.540084,0.000000,-19.684202
-3.660798,0.000000,-19.662110
-3.781373,0.000000,-19.639277
-3.901806,0.000000,-19.615706
-4.022093,0.000000,-19.591395
-4.142228,0.000000,-19.566347
-4.262206,0.000000,-19.540563
-4.382025,0.000000,-19.514043
-4.501678,0.000000,-19.486788
-4.621162,0.000000,-19.458799
-4.740472,0.000000,-19.430078
-4.859604,0.000000,-19.400625
-4.978552,0.000000,-19.370442
-5.097313,0.000000,-19.339529
-5.215882,0.000000,-19.307889
-5.334255,0.000000,-19.275521
-5.452427,0.000000,-19.242428
-5.570394,0.000000,-19.208610
-5.688151,0.000000,-19.174069
-5.805694,0.000000,-19.138807
-5.923018,0.000000,-19.102823
-6.040119,0.000000,-19.066121
-6.156993,0.000000,-19.028700
-6.273635,0.000000,-18.990564
-6.390041,0.000000,-18.951712
-6.506206,0.000000,-18.912147
-6.622126,0.000000,-18.871869
-6.737797,0.000000,-18.830881
-6.853214,0.000000,-18.789184
-6.968374,0.000000,-18.746780
-7.083271,0.000000,-18.703670
-7.197901,0.000000,-18.659856
-7.312260,0.000000,-18.615339
-7.426344,0.000000,-18.570122
-7.540148,0.000000,-18.524205
-7.653669,0.000000,-18.477591
-7.766901,0.000000,-18.430281
-7.879841,0.000000,-18.382277
-7.992484,0.000000,-18.333581
-8.104826,0.000000,-18.284195
-8.216863,0.000000,-18.234121
-8.328591,0.000000,-18.183360
-8.440005,0.000000,-18.131914
-8.551102,0.000000,-18.079786
-8.661876,0.000000,-18.026977
-8.772325,0.000000,-17.973489
-8.882443,0.000000,-17.919325
-8.992227,0.000000,-17.864486
-9.101672,0.000000,-17.808974
-9.210774,0.000000,-17.752792
-9.319530,0.000000,-17.695942
-9.427935,0.000000,-17.638425
-9.535985,0.000000,-17.580245
-9.643675,0.000000,-17.521402
-9.751003,0.000000,-17.461900
-9.857964,0.000000,-17.401740
-9.964553,0.000000,-17.340925
-10.070768,0.000000,-17.279457
-10.176603,0.000000,-17.217339
-10.282055,0.000000,-17.154572
-10.387120,0.000000,-17.091160
-10.491794,0.000000,-17.027104
-10.596072,0.000000,-16.962407
-10.699952,0.000000,-16.897071
-10.803429,0.000000,-16.831100
-10.906500,0.000000,-16.764494
-11.009159,0.000000,-16.697257
-11.111405,0.000000,-16.629392
-11.213232,0.000000,-16.560901
-11.314636,0.000000,-16.491786
-11.415615,0.000000,-16.422050
-11.516164,0.000000,-16.351696
-11.616279,0.000000,-16.280727
-11.715957,0.000000,-16.209144
-11.815194,0.000000,-16.136951
-11.913986,0.000000,-16.064151
-12.012330,0.000000,-15.990745
-12.110221,0.000000,-15.916738
-12.207656,0.000000,-15.842132
-12.304632,0.000000,-15.766929
-12.401144,0.000000,-15.691132
-12.497190,0.000000,-15.614745
-12.592765,0.000000,-15.537769
-12.687866,0.000000,-15.460209
-12.782489,0.000000,-15.382067
-12.876631,0.000000,-15.303345
-12.970288,0.000000,-15.224048
-13.063457,0.000000,-15.144177
-13.156134,0.000000,-15.063736
-13.248316,0.000000,-14.982728
-13.339998,0.000000,-14.901156
-13.431179,0.000000,-14.819023
-13.521854,0.000000,-14.736331
-13.612020,0.000000,-14.653085
-13.701673,0.000000,-14.569288
-13.790811,0.000000,-14.484942
-13.879429,0.000000,-14.400050
-13.967525,0.000000,-14.314617
-14.055095,0.000000,-14.228644
-14.142136,0.000000,-14.142136
-14.228644,0.000000,-14.055095
-14.314617,0.000000,-13.967525
-14.400050,0.000000,-13.879429
-14.484942,0.000000,-13.790811
-14.569288,0.000000,-13.701673
-14.653085,0.000000,-13.612020
-14.736331,0.000000,-13.521854
-14.819023,0.000000,-13.431179
-14.901156,0.000000,-13.339998
-14.982728,0.000000,-13.248316
-15.063736,0.000000,-13.156134
-15.144177,0.000000,-13.063457
-15.224048,0.000000,-12.970288
-15.303345,0.000000,-12.876631
-15.382067,0.000000,-12.782489
-15.460209,0.000000,-12.687866
-15.537769,0.000000,-12.592765
-15.614745,0.000000,-12.497190
-15.691132,0.000000,-12.401144
-15.766929,0.000000,-12.304632
-15.842132,0.000000,-12.207656
-15.916738,0.000000,-12.110221
-15.990745,0.000000,-12.012330
-16.064151,0.000000,-11.913986
-16.136951,0.000000,-11.815194
-16.209144,0.000000,-11.715957
-16.280727,0.000000,-11.616279
-16.351696,0.000000,-11.516164
-16.422050,0.000000,-11.415615
-16.491786,0.000000,-11.314636
-16.560901,0.000000,-11.213232
-16.629392,0.000000,-11.111405
-16.697257,0.000000,-11.009159
-16.764494,0.000000,-10.906500
-16.831100,0.000000,-10.803429
-16.897071,0.000000,-10.699952
-16.962407,0.000000,-10.596072
-17.027104,0.000000,-10.491794
-17.091160,0.000000,-10.387120
-17.154572,0.000000,-10.282055
-17.217339,0.000000,-10.176603
-17.279457,0.000000,-10.070768
-17.340925,0.000000,-9.964553
-17.401740,0.000000,-9.857964
-17.461900,0.000000,-9.751003
-17.521402,0.000000,-9.643675
-17.580245,0.000000,-9.535985
-17.638425,0.000000,-9.427935
-17.695942,0.000000,-9.319530
-17.752792,0.000000,-9.210774
-17.808974,0.000000,-9.101672
-17.864486,0.000000,-8.992227
-17.919325,0.000000,-8.882443
-17.973489,0.000000,-8.772325
-18.026977,0.000000,-8.661876
-18.079786,0.000000,-8.551102
-18.131914,0.000000,-8.440005
-18.183360,0.000000,-8.328591
-18.234121,0.000000,-8.216863
-18.284195,0.000000,-8.104826
-18.333581,0.000000,-7.992484
-18.382277,0.000000,-7.879841
-18.430281,0.000000,-7.766901
-18.477591,0.000000,-7.653669
-18.524205,0.000000,-7.540148
-18.570122,0.000000,-7.426344
-18.615339,0.000000,-7.312260
-18.659856,0.000000,-7.197901
-18.703670,0.000000,-7.083271
-18.746780,0.000000,-6.968374
-18.789184,0.000000,-6.853214
-18.830881,0.000000,-6.737797
-18.871869,0.000000,-6.622126
-18.912147,0.000000,-6.506206
-18.951712,0.000000,-6.390041
-18.990564,0.000000,-6.273635
-19.028700,0.000000,-6.156993
-19.066121,0.000000,-6.040119
-19.102823,0.000000,-5.923018
-19.138807,0.000000,-5.805694
-19.174069,0.000000,-5.688151
-19.208610,0.000000,-5.570394
-19.242428,0.000000,-5.452427
-19.275521,0.000000,-5.334255
-19.307889,0.000000,-5.215882
-19.339529,0.000000,-5.097313
-19.370442,0.000000,-4.978552
-19.400625,0.000000,-4.859604
-19.430078,0.000000,-4.740472
-19.458799,0.000000,-4.621162
-19.486788,0.000000,-4.501678
-19.514043,0.000000,-4.382025
-19.540563,0.000000,-4.262206
-19.566347,0.000000,-4.142228
-19.591395,0.000000,-4.022093
-19.615706,0.000000,-3.901806
-19.639277,0.000000,-3.781373
-19.662110,0.000000,-3.660798
-19.684202,0.000000,-3.540084
-19.705553,0.000000,-3.419238
-19.726162,0.000000,-3.298262
-19.746028,0.000000,-3.177163
-19.765151,0.000000,-3.055944
-19.783530,0.000000,-2.934609
-19.801164,0.000000,-2.813165
-19.818053,0.000000,-2.691614
-19.834195,0.000000,-2.569962
-19.849591,0.000000,-2.448214
-19.864239,0.000000,-2.326373
-19.878139,0.000000,-2.204444
-19.891291,0.000000,-2.082433
-19.903695,0.000000,-1.960343
-19.915348,0.000000,-1.838179
-19.926252,0.000000,-1.715946
-19.936406,0.000000,-1.593649
-19.945809,0.000000,-1.471291
-19.954461,0.000000,-1.348878
-19.962362,0.000000,-1.226415
-19.969512,0.000000,-1.103905
-19.975909,0.000000,-0.981353
-19.981555,0.000000,-0.858765
-19.986448,0.000000,-0.736144
-19.990588,0.000000,-0.613496
-19.993976,0.000000,-0.490825
-19.996612,0.000000,-0.368135
-19.998494,0.000000,-0.245431
-19.999624,0.000000,-0.122718
