-50.000000,0.000000,0.000000
-49.999059,0.000000,0.306794
-49.996235,0.000000,0.613577
-49.991529,0.000000,0.920336
-49.984941,0.000000,1.227061
-49.976471,0.000000,1.533740
-49.966119,0.000000,1.840361
-49.953886,0.000000,2.146913
-49.939773,0.000000,2.453384
-49.923779,0.000000,2.759762
-49.905906,0.000000,3.066037
-49.886153,0.000000,3.372196
-49.864523,0.000000,3.678228
-49.841015,0.000000,3.984122
-49.815631,0.000000,4.289866
-49.788371,0.000000,4.595448
-49.759236,0.000000,4.900857
-49.728229,0.000000,5.206082
-49.695349,0.000000,5.511110
-49.660597,0.000000,5.815932
-49.623977,0.000000,6.120534
-49.585488,0.000000,6.424906
-49.545132,0.000000,6.729035
-49.502911,0.000000,7.032912
-49.458825,0.000000,7.336524
-49.412878,0.000000,7.639859
-49.365071,0.000000,7.942907
-49.315405,0.000000,8.245656
-49.263882,0.000000,8.548094
-49.210505,0.000000,8.850211
-49.155274,0.000000,9.151994
-49.098193,0.000000,9.453433
-49.039264,0.000000,9.754516
-48.978488,0.000000,10.055232
-48.915869,0.000000,10.355569
-48.851407,0.000000,10.655516
-48.785107,0.000000,10.955062
-48.716969,0.000000,11.254196
-48.646998,0.000000,11.552905
-48.575195,0.000000,11.851180
-48.501563,0.000000,12.149009
-48.426105,0.000000,12.446380
-48.348824,0.000000,12.743283
-48.269722,0.000000,13.039706
-48.188803,0.000000,13.335638
-48.106070,0.000000,13.631068
-48.021526,0.000000,13.925984
-47.935174,0.000000,14.220377
-47.847017,0.000000,14.514234
-47.757058,0.000000,14.807544
-47.665302,0.000000,15.100297
-47.571751,0.000000,15.392482
-47.476409,0.000000,15.684087
-47.379280,0.000000,15.975102
-47.280366,0.000000,16.265515
-47.179673,0.000000,16.555315
-47.077203,0.000000,16.844493
-46.972961,0.000000,17.133036
-46.866951,0.000000,17.420934
-46.759175,0.000000,17.708176
-46.649640,0.000000,17.994752
-46.538348,0.000000,18.280650
-46.425304,0.000000,18.565860
-46.310512,0.000000,18.850371
-46.193977,0.000000,19.134172
-46.075702,0.000000,19.417252
-45.955693,0.000000,19.699602
-45.833953,0.000000,19.981210
-45.710488,0.000000,20.262066
-45.585302,0.000000,20.542159
-45.458399,0.000000,20.821478
-45.329785,0.000000,21.100014
-45.199465,0.000000,21.377755
-45.067442,0.000000,21.654691
-44.933723,0.000000,21.930812
-44.798312,0.000000,22.206107
-44.661215,0.000000,22.480566
-44.522436,0.000000,22.754179
-44.381981,0.000000,23.026936
-44.239855,0.000000,23.298825
-44.096063,0.000000,23.569837
-43.950611,0.000000,23.839962
-43.803505,0.000000,24.109189
-43.654749,0.000000,24.377508
-43.504350,0.000000,24.644910
-43.352312,0.000000,24.911383
-43.198643,0.000000,25.176919
-43.043347,0.000000,25.441507
-42.886431,0.000000,25.705137
-42.727899,0.000000,25.967800
-42.567760,0.000000,26.229484
-42.406017,0.000000,26.490181
-42.242678,0.000000,26.749881
-42.077749,0.000000,27.008574
-41.911235,0.000000,27.266249
-41.743144,0.000000,27.522899
-41.573481,0.000000,27.778512
-41.402252,0.000000,28.033079
-41.229465,0.000000,28.286591
-41.055126,0.000000,28.539037
-40.879241,0.000000,28.790410
-40.701816,0.000000,29.040698
-40.522860,0.000000,29.289893
-40.342378,0.000000,29.537985
-40.160377,0.000000,29.784965
-39.976863,0.000000,30.030824
-39.791845,0.000000,30.275552
-39.605329,0.000000,30.519140
-39.417321,0.000000,30.761580
-39.227830,0.000000,31.002861
-39.036861,0.000000,31.242974
-38.844423,0.000000,31.481912
-38.650523,0.000000,31.719664
-38.455167,0.000000,31.956222
-38.258363,0.000000,32.191577
-38.060119,0.000000,32.425720
-37.860442,0.000000,32.658642
-37.659340,0.000000,32.890335
-37.456820,0.000000,33.120789
-37.252889,0.000000,33.349996
-37.047556,0.000000,33.577948
-36.840828,0.000000,33.804635
-36.632714,0.000000,34.030050
-36.423220,0.000000,34.254183
-36.212354,0.000000,34.477027
-36.000125,0.000000,34.698573
-35.786541,0.000000,34.918812
-35.571610,0.000000,35.137737
-35.355339,0.000000,35.355339
-35.137737,0.000000,35.571610
-34.918812,0.000000,35.786541
-34.698573,0.000000,36.000125
-34.477027,0.000000,36.212354
-34.254183,0.000000,36.423220
-34.030050,0.000000,36.632714
-33.804635,0.000000,36.840828
-33.577948,0.000000,37.047556
-33.349996,0.000000,37.252889
-33.120789,0.000000,37.456820
-32.890335,0.000000,37.659340
-32.658642,0.000000,37.860442
-32.425720,0.000000,38.060119
-32.191577,0.000000,38.258363
-31.956222,0.000000,38.455167
-31.719664,0.000000,38.650523
-31.481912,0.000000,38.844423
-31.242974,0.000000,39.036861
-31.002861,0.000000,39.227830
-30.761580,0.000000,39.417321
-30.519140,0.000000,39.605329
-30.275552,0.000000,39.791845
-30.030824,0.000000,39.976863
-29.784965,0.000000,40.160377
-29.537985,0.000000,40.342378
-29.289893,0.000000,40.522860
-29.040698,0.000000,40.701816
-28.790410,0.000000,40.879241
-28.539037,0.000000,41.055126
-28.286591,0.000000,41.229465
-28.033079,0.000000,41.402252
-27.778512,0.000000,41.573481
-27.522899,0.000000,41.743144
-27.266249,0.000000,41.911235
-27.008574,0.000000,42.077749
-26.749881,0.000000,42.242678
-26.490181,0.000000,42.406017
-26.229484,0.000000,42.567760
-25.967800,0.000000,42.727899
-25.705137,0.000000,42.886431
-25.441507,0.000000,43.043347
-25.176919,0.000000,43.198643
-24.911383,0.000000,43.352312
-24.644910,0.000000,43.504350
-24.377508,0.000000,43.654749
-24.109189,0.000000,43.803505
-23.839962,0.000000,43.950611
-23.569837,0.000000,44.096063
-23.298825,0.000000,44.239855
-23.026936,0.000000,44.381981
-22.754179,0.000000,44.522436
-22.480566,0.000000,44.661215
-22.206107,0.000000,44.798312
-21.930812,0.000000,44.933723
-21.654691,0.000000,45.067442
-21.377755,0.000000,45.199465
-21.100014,0.000000,45.329785
-20.821478,0.000000,45.458399
-20.542159,0.000000,45.585302
-20.262066,0.000000,45.710488
-19.981210,0.000000,45.833953
-19.699602,0.000000,45.955693
-19.417252,0.000000,46.075702
-19.134172,0.000000,46.193977
-18.850371,0.000000,46.310512
-18.565860,0.000000,46.425304
-18.280650,0.000000,46.538348
-17.994752,0.000000,46.649640
-17.708176,0.000000,46.759175
-17.420934,0.000000,46.866951
-17.133036,0.000000,46.972961
-16.844493,0.000000,47.077203
-16.555315,0.000000,47.179673
-16.265515,0.000000,47.280366
-15.975102,0.000000,47.379280
-15.684087,0.000000,47.476409
-15.392482,0.000000,47.571751
-15.100297,0.000000,47.665302
-14.807544,0.000000,47.757058
-14.514234,0.000000,47.847017
-14.220377,0.000000,47.935174
-13.925984,0.000000,48.021526
-13.631068,0.000000,48.106070
-13.335638,0.000000,48.188803
-13.039706,0.000000,48.269722
-12.743283,0.000000,48.348824
-12.446380,0.000000,48.426105
-12.149009,0.000000,48.501563
-11.851180,0.000000,48.575195
-11.552905,0.000000,48.646998
-11.254196,0.000000,48.716969
-10.955062,0.000000,48.785107
-10.655516,0.000000,48.851407
-10.355569,0.000000,48.915869
-10.055232,0.000000,48.978488
-9.754516,0.000000,49.039264
-9.453433,0.000000,49.098193
-9.151994,0.000000,49.155274
-8.850211,0.000000,49.210505
-8.548094,0.000000,49.263882
-8.245656,0.000000,49.315405
-7.942907,0.000000,49.365071
-7.639859,0.000000,49.412878
-7.336524,0.000000,49.458825
-7.032912,0.000000,49.502911
-6.729035,0.000000,49.545132
-6.424906,0.000000,49.585488
-6.120534,0.000000,49.623977
-5.815932,0.000000,49.660597
-5.511110,0.000000,49.695349
-5.206082,0.000000,49.728229
-4.900857,0.000000,49.759236
-4.595448,0.000000,49.788371
-4.289866,0.000000,49.815631
-3.984122,0.000000,49.841015
-3.678228,0.000000,49.864523
-3.372196,0.000000,49.886153
-3.066037,0.000000,49.905906
-2.759762,0.000000,49.923779
-2.453384,0.000000,49.939773
-2.146913,0.000000,49.953886
-1.840361,0.000000,49.966119
-1.533740,0.000000,49.976471
-1.227061,0.000000,49.984941
-0.920336,0.000000,49.991529
-0.613577,0.000000,49.996235
-0.306794,0.000000,49.999059
-0.000000,0.000000,50.000000
0.306794,0.000000,49.999059
0.613577,0.000000,49.996235
0.920336,0.000000,49.991529
1.227061,0.000000,49.984941
1.533740,0.000000,49.976471
1.840361,0.000000,49.966119
2.146913,0.000000,49.953886
2.453384,0.000000,49.939773
2.759762,0.000000,49.923779
3.066037,0.000000,49.905906
3.372196,0.000000,49.886153
3.678228,0.000000,49.864523
3.984122,0.000000,49.841015
4.289866,0.000000,49.815631
4.595448,0.000000,49.788371
4.900857,0.000000,49.759236
5.206082,0.000000,49.728229
5.511110,0.000000,49.695349
5.815932,0.000000,49.660597
6.120534,0.000000,49.623977
6.424906,0.000000,49.585488
6.729035,0.000000,49.545132
7.032912,0.000000,49.502911
7.336524,0.000000,49.458825
7.639859,0.000000,49.412878
7.942907,0.000000,49.365071
8.245656,0.000000,49.315405
8.548094,0.000000,49.263882
8.850211,0.000000,49.210505
9.151994,0.000000,49.155274
9.453433,0.000000,49.098193
9.754516,0.000000,49.039264
10.055232,0.000000,48.978488
10.355569,0.000000,48.915869
10.655516,0.000000,48.851407
10.955062,0.000000,48.785107
11.254196,0.000000,48.716969
11.552905,0.000000,48.646998
11.851180,0.000000,48.575195
12.149009,0.000000,48.501563
12.446380,0.000000,48.426105
12.743283,0.000000,48.348824
13.039706,0.000000,48.269722
13.335638,0.000000,48.188803
13.631068,0.000000,48.106070
13.925984,0.000000,48.021526
14.220377,0.000000,47.935174
14.514234,0.000000,47.847017
14.807544,0.000000,47.757058
15.100297,0.000000,47.665302
15.392482,0.000000,47.571751
15.684087,0.000000,47.476409
15.975102,0.000000,47.379280
16.265515,0.000000,47.280366
16.555315,0.000000,47.179673
16.844493,0.000000,47.077203
17.133036,0.000000,46.972961
17.420934,0.000000,46.866951
17.708176,0.000000,46.759175
17.994752,0.000000,46.649640
18.280650,0.000000,46.538348
18.565860,0.000000,46.425304
18.850371,0.000000,46.310512
19.134172,0.000000,46.193977
19.417252,0.000000,46.075702
19.699602,0.000000,45.955693
19.981210,0.000000,45.833953
20.262066,0.000000,45.710488
20.542159,0.000000,45.585302
20.821478,0.000000,45.458399
21.100014,0.000000,45.329785
21.377755,0.000000,45.199465
21.654691,0.000000,45.067442
21.930812,0.000000,44.933723
22.206107,0.000000,44.798312
22.480566,0.000000,44.661215
22.754179,0.000000,44.522436
23.026936,0.000000,44.381981
23.298825,0.000000,44.239855
23.569837,0.000000,44.096063
23.839962,0.000000,43.950611
24.109189,0.000000,43.803505
24.377508,0.000000,43.654749
24.644910,0.000000,43.504350
24.911383,0.000000,43.352312
25.176919,0.000000,43.198643
25.441507,0.000000,43.043347
25.705137,0.000000,42.886431
25.967800,0.000000,42.727899
26.229484,0.000000,42.567760
26.490181,0.000000,42.406017
26.749881,0.000000,42.242678
27.008574,0.000000,42.077749
27.266249,0.000000,41.911235
27.522899,0.000000,41.743144
27.778512,0.000000,41.573481
28.033079,0.000000,41.402252
28.286591,0.000000,41.229465
28.539037,0.000000,41.055126
28.790410,0.000000,40.879241
29.040698,0.000000,40.701816
29.289893,0.000000,40.522860
29.537985,0.000000,40.342378
29.784965,0.000000,40.160377
30.030824,0.000000,39.976863
30.275552,0.000000,39.791845
30.519140,0.000000,39.605329
30.761580,0.000000,39.417321
31.002861,0.000000,39.227830
31.242974,0.000000,39.036861
31.481912,0.000000,38.844423
31.719664,0.000000,38.650523
31.956222,0.000000,38.455167
32.191577,0.000000,38.258363
32.425720,0.000000,38.060119
32.658642,0.000000,37.860442
32.890335,0.000000,37.659340
33.120789,0.000000,37.456820
33.349996,0.000000,37.252889
33.577948,0.000000,37.047556
33.804635,0.000000,36.840828
34.030050,0.000000,36.632714
34.254183,0.000000,36.423220
34.477027,0.000000,36.212354
34.698573,0.000000,36.000125
34.918812,0.000000,35.786541
35.137737,0.000000,35.571610
35.355339,0.000000,35.355339
35.571610,0.000000,35.137737
35.786541,0.000000,34.918812
36.000125,0.000000,34.698573
36.212354,0.000000,34.477027
36.423220,0.000000,34.254183
36.632714,0.000000,34.030050
36.840828,0.000000,33.804635
37.047556,0.000000,33.577948
37.252889,0.000000,33.349996
37.456820,0.000000,33.120789
37.659340,0.000000,32.890335
37.860442,0.000000,32.658642
38.060119,0.000000,32.425720
38.258363,0.000000,32.191577
38.455167,0.000000,31.956222
38.650523,0.000000,31.719664
38.844423,0.000000,31.481912
39.036861,0.000000,31.242974
39.227830,0.000000,31.002861
39.417321,0.000000,30.761580
39.605329,0.000000,30.519140
39.791845,0.000000,30.275552
39.976863,0.000000,30.030824
40.160377,0.000000,29.784965
40.342378,0.000000,29.537985
40.522860,0.000000,29.289893
40.701816,0.000000,29.040698
40.879241,0.000000,28.790410
41.055126,0.000000,28.539037
41.229465,0.000000,28.286591
41.402252,0.000000,28.033079
41.573481,0.000000,27.778512
41.743144,0.000000,27.522899
41.911235,0.000000,27.266249
42.077749,0.000000,27.008574
42.242678,0.000000,26.749881
42.406017,0.000000,26.490181
42.567760,0.000000,26.229484
42.727899,0.000000,25.967800
42.886431,0.000000,25.705137
43.043347,0.000000,25.441507
43.198643,0.000000,25.176919
43.352312,0.000000,24.911383
43.504350,0.000000,24.644910
43.654749,0.000000,24.377508
43.803505,0.000000,24.109189
43.950611,0.000000,23.839962
44.096063,0.000000,23.569837
44.239855,0.000000,23.298825
44.381981,0.000000,23.026936
44.522436,0.000000,22.754179
44.661215,0.000000,22.480566
44.798312,0.000000,22.206107
44.933723,0.000000,21.930812
45.067442,0.000000,21.654691
45.199465,0.000000,21.377755
45.329785,0.000000,21.100014
45.458399,0.000000,20.821478
45.585302,0.000000,20.542159
45.710488,0.000000,20.262066
45.833953,0.000000,19.981210
45.955693,0.000000,19.699602
46.075702,0.000000,19.417252
46.193977,0.000000,19.134172
46.310512,0.000000,18.850371
46.425304,0.000000,18.565860
46.538348,0.000000,18.280650
46.649640,0.000000,17.994752
46.759175,0.000000,17.708176
46.866951,0.000000,17.420934
46.972961,0.000000,17.133036
47.077203,0.000000,16.844493
47.179673,0.000000,16.555315
47.280366,0.000000,16.265515
47.379280,0.000000,15.975102
47.476409,0.000000,15.684087
47.571751,0.000000,15.392482
47.665302,0.000000,15.100297
47.757058,0.000000,14.807544
47.847017,0.000000,14.514234
47.935174,0.000000,14.220377
48.021526,0.000000,13.925984
48.106070,0.000000,13.631068
48.188803,0.000000,13.335638
48.269722,0.000000,13.039706
48.348824,0.000000,12.743283
48.426105,0.000000,12.446380
48.501563,0.000000,12.149009
48.575195,0.000000,11.851180
48.646998,0.000000,11.552905
48.716969,0.000000,11.254196
48.785107,0.000000,10.955062
48.851407,0.000000,10.655516
48.915869,0.000000,10.355569
48.978488,0.000000,10.055232
49.039264,0.000000,9.754516
49.098193,0.000000,9.453433
49.155274,0.000000,9.151994
49.210505,0.000000,8.850211
49.263882,0.000000,8.548094
49.315405,0.000000,8.245656
49.365071,0.000000,7.942907
49.412878,0.000000,7.639859
49.458825,0.000000,7.336524
49.502911,0.000000,7.032912
49.545132,0.000000,6.729035
49.585488,0.000000,6.424906
49.623977,0.000000,6.120534
49.660597,0.000000,5.815932
49.695349,0.000000,5.511110
49.728229,0.000000,5.206082
49.759236,0.000000,4.900857
49.788371,0.000000,4.595448
49.815631,0.000000,4.289866
49.841015,0.000000,3.984122
49.864523,0.000000,3.678228
49.886153,0.000000,3.372196
49.905906,0.000000,3.066037
49.923779,0.000000,2.759762
49.939773,0.000000,2.453384
49.953886,0.000000,2.146913
49.966119,0.000000,1.840361
49.976471,0.000000,1.533740
49.984941,0.000000,1.227061
49.991529,0.000000,0.920336
49.996235,0.000000,0.613577
49.999059,0.000000,0.306794
50.000000,0.000000,0.000000
49.999059,0.000000,-0.306794
49.996235,0.000000,-0.613577
49.991529,0.000000,-0.920336
49.984941,0.000000,-1.227061
49.976471,0.000000,-1.533740
49.966119,0.000000,-1.840361
49.953886,0.000000,-2.146913
49.939773,0.000000,-2.453384
49.923779,0.000000,-2.759762
49.905906,0.000000,-3.066037
49.886153,0.000000,-3.372196
49.864523,0.000000,-3.678228
49.841015,0.000000,-3.984122
49.815631,0.000000,-4.289866
49.788371,0.000000,-4.595448
49.759236,0.000000,-4.900857
49.728229,0.000000,-5.206082
49.695349,0.000000,-5.511110
49.660597,0.000000,-5.815932
49.623977,0.000000,-6.120534
49.585488,0.000000,-6.424906
49.545132,0.000000,-6.729035
49.502911,0.000000,-7.032912
49.458825,0.000000,-7.336524
49.412878,0.000000,-7.639859
49.365071,0.000000,-7.942907
49.315405,0.000000,-8.245656
49.263882,0.000000,-8.548094
49.210505,0.000000,-8.850211
49.155274,0.000000,-9.151994
49.098193,0.000000,-9.453433
49.039264,0.000000,-9.754516
48.978488,0.000000,-10.055232
48.915869,0.000000,-10.355569
48.851407,0.000000,-10.655516
48.785107,0.000000,-10.955062
48.716969,0.000000,-11.254196
48.646998,0.000000,-11.552905
48.575195,0.000000,-11.851180
48.501563,0.000000,-12.149009
48.426105,0.000000,-12.446380
48.348824,0.000000,-12.743283
48.269722,0.000000,-13.039706
48.188803,0.000000,-13.335638
48.106070,0.000000,-13.631068
48.021526,0.000000,-13.925984
47.935174,0.000000,-14.220377
47.847017,0.000000,-14.514234
47.757058,0.000000,-14.807544
47.665302,0.000000,-15.100297
47.571751,0.000000,-15.392482
47.476409,0.000000,-15.684087
47.379280,0.000000,-15.975102
47.280366,0.000000,-16.265515
47.179673,0.000000,-16.555315
47.077203,0.000000,-16.844493
46.972961,0.000000,-17.133036
46.866951,0.000000,-17.420934
46.759175,0.000000,-17.708176
46.649640,0.000000,-17.994752
46.538348,0.000000,-18.280650
46.425304,0.000000,-18.565860
46.310512,0.000000,-18.850371
46.193977,0.000000,-19.134172
46.075702,0.000000,-19.417252
45.955693,0.000000,-19.699602
45.833953,0.000000,-19.981210
45.710488,0.000000,-20.262066
45.585302,0.000000,-20.542159
45.458399,0.000000,-20.821478
45.329785,0.000000,-21.100014
45.199465,0.000000,-21.377755
45.067442,0.000000,-21.654691
44.933723,0.000000,-21.930812
44.798312,0.000000,-22.206107
44.661215,0.000000,-22.480566
44.522436,0.000000,-22.754179
44.381981,0.000000,-23.026936
44.239855,0.000000,-23.298825
44.096063,0.000000,-23.569837
43.950611,0.000000,-23.839962
43.803505,0.000000,-24.109189
43.654749,0.000000,-24.377508
43.504350,0.000000,-24.644910
43.352312,0.000000,-24.911383
43.198643,0.000000,-25.176919
43.043347,0.000000,-25.441507
42.886431,0.000000,-25.705137
42.727899,0.000000,-25.967800
42.567760,0.000000,-26.229484
42.406017,0.000000,-26.490181
42.242678,0.000000,-26.749881
42.077749,0.000000,-27.008574
41.911235,0.000000,-27.266249
41.743144,0.000000,-27.522899
41.573481,0.000000,-27.778512
41.402252,0.000000,-28.033079
41.229465,0.000000,-28.286591
41.055126,0.000000,-28.539037
40.879241,0.000000,-28.790410
40.701816,0.000000,-29.040698
40.522860,0.000000,-29.289893
40.342378,0.000000,-29.537985
40.160377,0.000000,-29.784965
39.976863,0.000000,-30.030824
39.791845,0.000000,-30.275552
39.605329,0.000000,-30.519140
39.417321,0.000000,-30.761580
39.227830,0.000000,-31.002861
39.036861,0.000000,-31.242974
38.844423,0.000000,-31.481912
38.650523,0.000000,-31.719664
38.455167,0.000000,-31.956222
38.258363,0.000000,-32.191577
38.060119,0.000000,-32.425720
37.860442,0.000000,-32.658642
37.659340,0.000000,-32.890335
37.456820,0.000000,-33.120789
37.252889,0.000000,-33.349996
37.047556,0.000000,-33.577948
36.840828,0.000000,-33.804635
36.632714,0.000000,-34.030050
36.423220,0.000000,-34.254183
36.212354,0.000000,-34.477027
36.000125,0.000000,-34.698573
35.786541,0.000000,-34.918812
35.571610,0.000000,-35.137737
35.355339,0.000000,-35.355339
35.137737,0.000000,-35.571610
34.918812,0.000000,-35.786541
34.698573,0.000000,-36.000125
34.477027,0.000000,-36.212354
34.254183,0.000000,-36.423220
34.030050,0.000000,-36.632714
33.804635,0.000000,-36.840828
33.577948,0.000000,-37.047556
33.349996,0.000000,-37.252889
33.120789,0.000000,-37.456820
32.890335,0.000000,-37.659340
32.658642,0.000000,-37.860442
32.425720,0.000000,-38.060119
32.191577,0.000000,-38.258363
31.956222,0.000000,-38.455167
31.719664,0.000000,-38.650523
31.481912,0.000000,-38.844423
31.242974,0.000000,-39.036861
31.002861,0.000000,-39.227830
30.761580,0.000000,-39.417321
30.519140,0.000000,-39.605329
30.275552,0.000000,-39.791845
30.030824,0.000000,-39.976863
29.784965,0.000000,-40.160377
29.537985,0.000000,-40.342378
29.289893,0.000000,-40.522860
29.040698,0.000000,-40.701816
28.790410,0.000000,-40.879241
28.539037,0.000000,-41.055126
28.286591,0.000000,-41.229465
28.033079,0.000000,-41.402252
27.778512,0.000000,-41.573481
27.522899,0.000000,-41.743144
27.266249,0.000000,-41.911235
27.008574,0.000000,-42.077749
26.749881,0.000000,-42.242678
26.490181,0.000000,-42.406017
26.229484,0.000000,-42.567760
25.967800,0.000000,-42.727899
25.705137,0.000000,-42.886431
25.441507,0.000000,-43.043347
25.176919,0.000000,-43.198643
24.911383,0.000000,-43.352312
24.644910,0.000000,-43.504350
24.377508,0.000000,-43.654749
24.109189,0.000000,-43.803505
23.839962,0.000000,-43.950611
23.569837,0.000000,-44.096063
23.298825,0.000000,-44.239855
23.026936,0.000000,-44.381981
22.754179,0.000000,-44.522436
22.480566,0.000000,-44.661215
22.206107,0.000000,-44.798312
21.930812,0.000000,-44.933723
21.654691,0.000000,-45.067442
21.377755,0.000000,-45.199465
21.100014,0.000000,-45.329785
20.821478,0.000000,-45.458399
20.542159,0.000000,-45.585302
20.262066,0.000000,-45.710488
19.981210,0.000000,-45.833953
19.699602,0.000000,-45.955693
19.417252,0.000000,-46.075702
19.134172,0.000000,-46.193977
18.850371,0.000000,-46.310512
18.565860,0.000000,-46.425304
18.280650,0.000000,-46.538348
17.994752,0.000000,-46.649640
17.708176,0.000000,-46.759175
17.420934,0.000000,-46.866951
17.133036,0.000000,-46.972961
16.844493,0.000000,-47.077203
16.555315,0.000000,-47.179673
16.265515,0.000000,-47.280366
15.975102,0.000000,-47.379280
15.684087,0.000000,-47.476409
15.392482,0.000000,-47.571751
15.100297,0.000000,-47.665302
14.807544,0.000000,-47.757058
14.514234,0.000000,-47.847017
14.220377,0.000000,-47.935174
13.925984,0.000000,-48.021526
13.631068,0.000000,-48.106070
13.335638,0.000000,-48.188803
13.039706,0.000000,-48.269722
12.743283,0.000000,-48.348824
12.446380,0.000000,-48.426105
12.149009,0.000000,-48.501563
11.851180,0.000000,-48.575195
11.552905,0.000000,-48.646998
11.254196,0.000000,-48.716969
10.955062,0.000000,-48.785107
10.655516,0.000000,-48.851407
10.355569,0.000000,-48.915869
10.055232,0.000000,-48.978488
9.754516,0.000000,-49.039264
9.453433,0.000000,-49.098193
9.151994,0.000000,-49.155274
8.850211,0.000000,-49.210505
8.548094,0.000000,-49.263882
8.245656,0.000000,-49.315405
7.942907,0.000000,-49.365071
7.639859,0.000000,-49.412878
7.336524,0.000000,-49.458825
7.032912,0.000000,-49.502911
6.729035,0.000000,-49.545132
6.424906,0.000000,-49.585488
6.120534,0.000000,-49.623977
5.815932,0.000000,-49.660597
5.511110,0.000000,-49.695349
5.206082,0.000000,-49.728229
4.900857,0.000000,-49.759236
4.595448,0.000000,-49.788371
4.289866,0.000000,-49.815631
3.984122,0.000000,-49.841015
3.678228,0.000000,-49.864523
3.372196,0.000000,-49.886153
3.066037,0.000000,-49.905906
2.759762,0.000000,-49.923779
2.453384,0.000000,-49.939773
2.146913,0.000000,-49.953886
1.840361,0.000000,-49.966119
1.533740,0.000000,-49.976471
1.227061,0.000000,-49.984941
0.920336,0.000000,-49.991529
0.613577,0.000000,-49.996235
0.306794,0.000000,-49.999059
0.000000,0.000000,-50.000000
-0.306794,0.000000,-49.999059
-0.613577,0.000000,-49.996235
-0.920336,0.000000,-49.991529
-1.227061,0.000000,-49.984941
-1.533740,0.000000,-49.976471
-1.840361,0.000000,-49.966119
-2.146913,0.000000,-49.953886
-2.453384,0.000000,-49.939773
-2.759762,0.000000,-49.923779
-3.066037,0.000000,-49.905906
-3.372196,0.000000,-49.886153
-3.678228,0.000000,-49.864523
-3.984122,0.000000,-49.841015
-4.289866,0.000000,-49.815631
-4.595448,0.000000,-49.788371
-4.900857,0.000000,-49.759236
-5.206082,0.000000,-49.728229
-5.511110,0.000000,-49.695349
-5.815932,0.000000,-49.660597
-6.120534,0.000000,-49.623977
-6.424906,0.000000,-49.585488
-6.729035,0.000000,-49.545132
-7.032912,0.000000,-49.502911
-7.336524,0.000000,-49.458825
-7.639859,0.000000,-49.412878
-7.942907,0.000000,-49.365071
-8.245656,0.000000,-49.315405
-8.548094,0.000000,-49.263882
-8.850211,0.000000,-49.210505
-9.151994,0.000000,-49.155274
-9.453433,0.000000,-49.098193
-9.754516,0.000000,-49.039264
-10.055232,0.000000,-48.978488
-10.355569,0.000000,-48.915869
-10.655516,0.000000,-48.851407
-10.955062,0.000000,-48.785107
-11.254196,0.000000,-48.716969
-11.552905,0.000000,-48.646998
-11.851180,0.000000,-48.575195
-12.149009,0.000000,-48.501563
-12.446380,0.000000,-48.426105
-12.743283,0.000000,-48.348824
-13.039706,0.000000,-48.269722
-13.335638,0.000000,-48.188803
-13.631068,0.000000,-48.106070
-13.925984,0.000000,-48.021526
-14.220377,0.000000,-47.935174
-14.514234,0.000000,-47.847017
-14.807544,0.000000,-47.757058
-15.100297,0.000000,-47.665302
-15.392482,0.000000,-47.571751
-15.684087,0.000000,-47.476409
-15.975102,0.000000,-47.379280
-16.265515,0.000000,-47.280366
-16.555315,0.000000,-47.179673
-16.844493,0.000000,-47.077203
-17.133036,0.000000,-46.972961
-17.420934,0.000000,-46.866951
-17.708176,0.000000,-46.759175
-17.994752,0.000000,-46.649640
-18.280650,0.000000,-46.538348
-18.565860,0.000000,-46.425304
-18.850371,0.000000,-46.310512
-19.134172,0.000000,-46.193977
-19.417252,0.000000,-46.075702
-19.699602,0.000000,-45.955693
-19.981210,0.000000,-45.833953
-20.262066,0.000000,-45.710488
-20.542159,0.000000,-45.585302
-20.821478,0.000000,-45.458399
-21.100014,0.000000,-45.329785
-21.377755,0.000000,-45.199465
-21.654691,0.000000,-45.067442
-21.930812,0.000000,-44.933723
-22.206107,0.000000,-44.798312
-22.480566,0.000000,-44.661215
-22.754179,0.000000,-44.522436
-23.026936,0.000000,-44.381981
-23.298825,0.000000,-44.239855
-23.569837,0.000000,-44.096063
-23.839962,0.000000,-43.950611
-24.109189,0.000000,-43.803505
-24.377508,0.000000,-43.654749
-24.644910,0.000000,-43.504350
-24.911383,0.000000,-43.352312
-25.176919,0.000000,-43.198643
-25.441507,0.000000,-43.043347
-25.705137,0.000000,-42.886431
-25.967800,0.000000,-42.727899
-26.229484,0.000000,-42.567760
-26.490181,0.000000,-42.406017
-26.749881,0.000000,-42.242678
-27.008574,0.000000,-42.077749
-27.266249,0.000000,-41.911235
-27.522899,0.000000,-41.743144
-27.778512,0.000000,-41.573481
-28.033079,0.000000,-41.402252
-28.286591,0.000000,-41.229465
-28.539037,0.000000,-41.055126
-28.790410,0.000000,-40.879241
-29.040698,0.000000,-40.701816
-29.289893,0.000000,-40.522860
-29.537985,0.000000,-40.342378
-29.784965,0.000000,-40.160377
-30.030824,0.000000,-39.976863
-30.275552,0.000000,-39.791845
-30.519140,0.000000,-39.605329
-30.761580,0.000000,-39.417321
-31.002861,0.000000,-39.227830
-31.242974,0.000000,-39.036861
-31.481912,0.000000,-38.844423
-31.719664,0.000000,-38.650523
-31.956222,0.000000,-38.455167
-32.191577,0.000000,-38.258363
-32.425720,0.000000,-38.060119
-32.658642,0.000000,-37.860442
-32.890335,0.000000,-37.659340
-33.120789,0.000000,-37.456820
-33.349996,0.000000,-37.252889
-33.577948,0.000000,-37.047556
-33.804635,0.000000,-36.840828
-34.030050,0.000000,-36.632714
-34.254183,0.000000,-36.423220
-34.477027,0.000000,-36.212354
-34.698573,0.000000,-36.000125
-34.918812,0.000000,-35.786541
-35.137737,0.000000,-35.571610
-35.355339,0.000000,-35.355339
-35.571610,0.000000,-35.137737
-35.786541,0.000000,-34.918812
-36.000125,0.000000,-34.698573
-36.212354,0.000000,-34.477027
-36.423220,0.000000,-34.254183
-36.632714,0.000000,-34.030050
-36.840828,0.000000,-33.804635
-37.047556,0.000000,-33.577948
-37.252889,0.000000,-33.349996
-37.456820,0.000000,-33.120789
-37.659340,0.000000,-32.890335
-37.860442,0.000000,-32.658642
-38.060119,0.000000,-32.425720
-38.258363,0.000000,-32.191577
-38.455167,0.000000,-31.956222
-38.650523,0.000000,-31.719664
-38.844423,0.000000,-31.481912
-39.036861,0.000000,-31.242974
-39.227830,0.000000,-31.002861
-39.417321,0.000000,-30.761580
-39.605329,0.000000,-30.519140
-39.791845,0.000000,-30.275552
-39.976863,0.000000,-30.030824
-40.160377,0.000000,-29.784965
-40.342378,0.000000,-29.537985
-40.522860,0.000000,-29.289893
-40.701816,0.000000,-29.040698
-40.879241,0.000000,-28.790410
-41.055126,0.000000,-28.539037
-41.229465,0.000000,-28.286591
-41.402252,0.000000,-28.033079
-41.573481,0.000000,-27.778512
-41.743144,0.000000,-27.522899
-41.911235,0.000000,-27.266249
-42.077749,0.000000,-27.008574
-42.242678,0.000000,-26.749881
-42.406017,0.000000,-26.490181
-42.567760,0.000000,-26.229484
-42.727899,0.000000,-25.967800
-42.886431,0.000000,-25.705137
-43.043347,0.000000,-25.441507
-43.198643,0.000000,-25.176919
-43.352312,0.000000,-24.911383
-43.504350,0.000000,-24.644910
-43.654749,0.000000,-24.377508
-43.803505,0.000000,-24.109189
-43.950611,0.000000,-23.839962
-44.096063,0.000000,-23.569837
-44.239855,0.000000,-23.298825
-44.381981,0.000000,-23.026936
-44.522436,0.000000,-22.754179
-44.661215,0.000000,-22.480566
-44.798312,0.000000,-22.206107
-44.933723,0.000000,-21.930812
-45.067442,0.000000,-21.654691
-45.199465,0.000000,-21.377755
-45.329785,0.000000,-21.100014
-45.458399,0.000000,-20.821478
-45.585302,0.000000,-20.542159
-45.710488,0.000000,-20.262066
-45.833953,0.000000,-19.981210
-45.955693,0.000000,-19.699602
-46.075702,0.000000,-19.417252
-46.193977,0.000000,-19.134172
-46.310512,0.000000,-18.850371
-46.425304,0.000000,-18.565860
-46.538348,0.000000,-18.280650
-46.649640,0.000000,-17.994752
-46.759175,0.000000,-17.708176
-46.866951,0.000000,-17.420934
-46.972961,0.000000,-17.133036
-47.077203,0.000000,-16.844493
-47.179673,0.000000,-16.555315
-47.280366,0.000000,-16.265515
-47.379280,0.000000,-15.975102
-47.476409,0.000000,-15.684087
-47.571751,0.000000,-15.392482
-47.665302,0.000000,-15.100297
-47.757058,0.000000,-14.807544
-47.847017,0.000000,-14.514234
-47.935174,0.000000,-14.220377
-48.021526,0.000000,-13.925984
-48.106070,0.000000,-13.631068
-48.188803,0.000000,-13.335638
-48.269722,0.000000,-13.039706
-48.348824,0.000000,-12.743283
-48.426105,0.000000,-12.446380
-48.501563,0.000000,-12.149009
-48.575195,0.000000,-11.851180
-48.646998,0.000000,-11.552905
-48.716969,0.000000,-11.254196
-48.785107,0.000000,-10.955062
-48.851407,0.000000,-10.655516
-48.915869,0.000000,-10.355569
-48.978488,0.000000,-10.055232
-49.039264,0.000000,-9.754516
-49.098193,0.000000,-9.453433
-49.155274,0.000000,-9.151994
-49.210505,0.000000,-8.850211
-49.263882,0.000000,-8.548094
-49.315405,0.000000,-8.245656
-49.365071,0.000000,-7.942907
-49.412878,0.000000,-7.639859
-49.458825,0.000000,-7.336524
-49.502911,0.000000,-7.032912
-49.545132,0.000000,-6.729035
-49.585488,0.000000,-6.424906
-49.623977,0.000000,-6.120534
-49.660597,0.000000,-5.815932
-49.695349,0.000000,-5.511110
-49.728229,0.000000,-5.206082
-49.759236,0.000000,-4.900857
-49.788371,0.000000,-4.595448
-49.815631,0.000000,-4.289866
-49.841015,0.000000,-3.984122
-49.864523,0.000000,-3.678228
-49.886153,0.000000,-3.372196
-49.905906,0.000000,-3.066037
-49.923779,0.000000,-2.759762
-49.939773,0.000000,-2.453384
-49.953886,0.000000,-2.146913
-49.966119,0.000000,-1.840361
-49.976471,0.000000,-1.533740
-49.984941,0.000000,-1.227061
-49.991529,0.000000,-0.920336
-49.996235,0.000000,-0.613577
-49.999059,0.000000,-0.306794
