-0.25,-0.25,-0.25,255, 0.25,-0.25,-0.25,65280, 0.25, 0.25,-0.25,16711680
-0.25,-0.25,-0.25,255, 0.25, 0.25,-0.25,65280,-0.25, 0.25,-0.25,16711680
-0.25,-0.25, 0.25,255, 0.25, 0.25, 0.25,65280, 0.25,-0.25, 0.25,16711680
-0.25,-0.25, 0.25,255,-0.25, 0.25, 0.25,65280, 0.25, 0.25, 0.25,16711680
-0.25,-0.25,-0.25,255,-0.25, 0.25,-0.25,65280,-0.25, 0.25, 0.25,16711680
-0.25,-0.25,-0.25,255,-0.25, 0.25, 0.25,65280,-0.25,-0.25, 0.25,16711680
 0.25,-0.25,-0.25,255, 0.25,-0.25, 0.25,65280, 0.25, 0.25, 0.25,16776960
 0.25,-0.25,-0.25,255, 0.25, 0.25, 0.25,65280, 0.25, 0.25,-0.25,16776960
-0.25,-0.25,-0.25,255,-0.25,-0.25, 0.25,65280, 0.25,-0.25, 0.25,16711680
-0.25,-0.25,-0.25,255, 0.25,-0.25, 0.25,65280, 0.25,-0.25,-0.25,16711680
-0.25, 0.25,-0.25,255, 0.25, 0.25,-0.25,65280, 0.25, 0.25, 0.25,16711680
-0.25, 0.25,-0.25,255, 0.25, 0.25, 0.25,65280,-0.25, 0.25, 0.25,16711680
